[1, 15, 10, 6, 30, 19, 17, 8, 28, 21, 4, 5, 31, 18, 7, 29, 20, 16, 9, 27, 22, 3, 13, 12, 24, 25, 11, 14, 2, 23, 26]
[1, 15, 10, 26, 23, 2, 7, 18, 31, 5, 4, 21, 28, 8, 17, 19, 30, 6, 3, 13, 12, 24, 25, 11, 14, 22, 27, 9, 16, 20, 29]
[1, 15, 10, 26, 23, 2, 7, 29, 20, 16, 9, 27, 22, 14, 11, 25, 24, 12, 13, 3, 6, 30, 19, 17, 8, 28, 21, 4, 5, 31, 18]
[1, 15, 10, 26, 23, 2, 14, 11, 25, 24, 12, 13, 3, 6, 30, 19, 17, 8, 28, 21, 4, 5, 31, 18, 7, 29, 20, 16, 9, 27, 22]
[1, 15, 10, 26, 23, 2, 14, 11, 25, 24, 12, 13, 3, 22, 27, 9, 16, 20, 29, 7, 18, 31, 5, 4, 21, 28, 8, 17, 19, 6, 30]
[1, 15, 10, 26, 23, 2, 14, 11, 25, 24, 12, 13, 3, 22, 27, 9, 16, 20, 29, 7, 18, 31, 5, 4, 21, 28, 8, 17, 19, 30, 6]
[1, 15, 10, 26, 23, 2, 14, 22, 27, 9, 16, 20, 29, 7, 18, 31, 5, 4, 21, 28, 8, 17, 19, 30, 6, 3, 13, 12, 24, 25, 11]
[1, 15, 10, 26, 23, 2, 14, 22, 27, 9, 16, 20, 29, 7, 18, 31, 5, 11, 25, 24, 12, 4, 21, 28, 8, 17, 19, 30, 6, 3, 13]
[1, 15, 10, 26, 23, 2, 14, 22, 27, 9, 16, 20, 29, 7, 18, 31, 5, 11, 25, 24, 12, 13, 3, 6, 30, 19, 17, 8, 28, 21, 4]
[1, 15, 10, 26, 23, 13, 3, 6, 30, 19, 17, 8, 28, 21, 4, 12, 24, 25, 11, 5, 31, 18, 7, 2, 14, 22, 27, 9, 16, 20, 29]
[1, 15, 10, 26, 23, 13, 3, 6, 30, 19, 17, 8, 28, 21, 4, 12, 24, 25, 11, 5, 31, 18, 7, 29, 20, 16, 9, 27, 22, 14, 2]
[1, 15, 10, 26, 23, 13, 12, 24, 25, 11, 14, 2, 7, 18, 31, 5, 4, 21, 28, 8, 17, 19, 30, 6, 3, 22, 27, 9, 16, 20, 29]
[1, 15, 10, 26, 23, 13, 12, 24, 25, 11, 14, 2, 7, 29, 20, 16, 9, 27, 22, 3, 6, 30, 19, 17, 8, 28, 21, 4, 5, 31, 18]
[1, 15, 21, 4, 5, 31, 18, 7, 29, 20, 16, 9, 27, 22, 3, 13, 12, 24, 25, 11, 14, 2, 23, 26, 10, 6, 30, 19, 17, 8, 28]
[1, 15, 21, 28, 8, 17, 19, 30, 6, 10, 26, 23, 2, 14, 11, 25, 24, 12, 4, 5, 31, 18, 7, 29, 20, 16, 9, 27, 22, 3, 13]
[1, 15, 21, 28, 8, 17, 19, 30, 6, 10, 26, 23, 2, 14, 11, 25, 24, 12, 13, 3, 22, 27, 9, 16, 20, 29, 7, 18, 31, 5, 4]
[1, 15, 21, 28, 8, 17, 19, 30, 6, 10, 26, 23, 13, 3, 22, 27, 9, 16, 20, 29, 7, 2, 14, 11, 25, 24, 12, 4, 5, 31, 18]
[1, 15, 21, 28, 8, 17, 19, 30, 6, 10, 26, 23, 13, 3, 22, 27, 9, 16, 20, 29, 7, 18, 31, 5, 4, 12, 24, 25, 11, 14, 2]
[1, 24, 25, 11, 5, 4, 12, 13, 3, 6, 30, 19, 17, 8, 28, 21, 15, 10, 26, 23, 2, 14, 22, 27, 9, 16, 20, 29, 7, 18, 31]
[1, 24, 25, 11, 5, 31, 18, 7, 29, 20, 16, 9, 27, 22, 14, 2, 23, 26, 10, 15, 21, 4, 12, 13, 3, 6, 30, 19, 17, 8, 28]
[1, 24, 25, 11, 5, 31, 18, 7, 29, 20, 16, 9, 27, 22, 14, 2, 23, 26, 10, 15, 21, 28, 8, 17, 19, 30, 6, 3, 13, 12, 4]
[1, 24, 25, 11, 14, 2, 7, 18, 31, 5, 4, 12, 13, 23, 26, 10, 15, 21, 28, 8, 17, 19, 30, 6, 3, 22, 27, 9, 16, 20, 29]
[1, 24, 25, 11, 14, 2, 7, 29, 20, 16, 9, 27, 22, 3, 6, 30, 19, 17, 8, 28, 21, 15, 10, 26, 23, 13, 12, 4, 5, 31, 18]
[1, 24, 25, 11, 14, 2, 23, 13, 12, 4, 5, 31, 18, 7, 29, 20, 16, 9, 27, 22, 3, 6, 30, 19, 17, 8, 28, 21, 15, 10, 26]
[1, 24, 25, 11, 14, 2, 23, 26, 10, 15, 21, 28, 8, 17, 19, 30, 6, 3, 13, 12, 4, 5, 31, 18, 7, 29, 20, 16, 9, 27, 22]
[1, 24, 25, 11, 14, 2, 23, 26, 10, 15, 21, 28, 8, 17, 19, 30, 6, 3, 22, 27, 9, 16, 20, 29, 7, 18, 31, 5, 4, 12, 13]
[1, 24, 25, 11, 14, 22, 27, 9, 16, 20, 29, 7, 2, 23, 26, 10, 15, 21, 28, 8, 17, 19, 30, 6, 3, 13, 12, 4, 5, 31, 18]
[1, 24, 25, 11, 14, 22, 27, 9, 16, 20, 29, 7, 18, 31, 5, 4, 12, 13, 3, 6, 30, 19, 17, 8, 28, 21, 15, 10, 26, 23, 2]
[2, 7, 18, 31, 5, 4, 12, 13, 23, 26, 10, 15, 21, 28, 8, 17, 19, 30, 6, 3, 1, 24, 25, 11, 14, 22, 27, 9, 16, 20, 29]
[2, 7, 18, 31, 5, 4, 21, 28, 8, 17, 19, 30, 6, 3, 1, 15, 10, 26, 23, 13, 12, 24, 25, 11, 14, 22, 27, 9, 16, 20, 29]
[2, 7, 29, 20, 16, 9, 27, 22, 14, 11, 25, 24, 1, 3, 6, 30, 19, 17, 8, 28, 21, 15, 10, 26, 23, 13, 12, 4, 5, 31, 18]
[2, 7, 29, 20, 16, 9, 27, 22, 14, 11, 25, 24, 12, 13, 23, 26, 10, 15, 1, 3, 6, 30, 19, 17, 8, 28, 21, 4, 5, 31, 18]
[2, 14, 11, 5, 31, 18, 7, 29, 20, 16, 9, 27, 22, 3, 6, 30, 19, 17, 8, 28, 21, 4, 12, 13, 23, 26, 10, 15, 1, 24, 25]
[2, 14, 11, 25, 24, 1, 3, 6, 30, 19, 17, 8, 28, 21, 15, 10, 26, 23, 13, 12, 4, 5, 31, 18, 7, 29, 20, 16, 9, 27, 22]
[2, 14, 11, 25, 24, 1, 3, 22, 27, 9, 16, 20, 29, 7, 18, 31, 5, 4, 12, 13, 23, 26, 10, 6, 30, 19, 17, 8, 28, 21, 15]
[2, 14, 11, 25, 24, 1, 3, 22, 27, 9, 16, 20, 29, 7, 18, 31, 5, 4, 12, 13, 23, 26, 10, 15, 21, 28, 8, 17, 19, 6, 30]
[2, 14, 11, 25, 24, 1, 3, 22, 27, 9, 16, 20, 29, 7, 18, 31, 5, 4, 12, 13, 23, 26, 10, 15, 21, 28, 8, 17, 19, 30, 6]
[2, 14, 11, 25, 24, 1, 8, 17, 19, 30, 6, 3, 22, 27, 9, 16, 20, 29, 7, 18, 31, 5, 4, 12, 13, 23, 26, 10, 15, 21, 28]
[2, 14, 11, 25, 24, 1, 8, 28, 21, 15, 10, 26, 23, 13, 12, 4, 5, 31, 18, 7, 29, 20, 16, 9, 27, 22, 3, 6, 30, 19, 17]
[2, 14, 11, 25, 24, 1, 15, 10, 26, 23, 13, 12, 4, 5, 31, 18, 7, 29, 20, 16, 9, 27, 22, 3, 6, 30, 19, 17, 8, 28, 21]
[2, 14, 11, 25, 24, 1, 15, 10, 26, 23, 13, 12, 4, 21, 28, 8, 17, 19, 30, 6, 3, 22, 27, 9, 16, 20, 5, 31, 18, 7, 29]
[2, 14, 11, 25, 24, 1, 15, 10, 26, 23, 13, 12, 4, 21, 28, 8, 17, 19, 30, 6, 3, 22, 27, 9, 16, 20, 29, 7, 18, 31, 5]
[2, 14, 11, 25, 24, 1, 15, 21, 28, 8, 17, 19, 30, 6, 3, 22, 27, 9, 16, 20, 29, 7, 18, 31, 5, 4, 12, 13, 23, 26, 10]
[2, 14, 11, 25, 24, 1, 15, 21, 28, 8, 17, 19, 30, 6, 10, 26, 23, 13, 3, 22, 27, 9, 16, 20, 29, 7, 18, 31, 5, 4, 12]
[2, 14, 11, 25, 24, 1, 15, 21, 28, 8, 17, 19, 30, 6, 10, 26, 23, 13, 12, 4, 5, 31, 18, 7, 29, 20, 16, 9, 27, 22, 3]
[2, 14, 11, 25, 24, 12, 4, 5, 31, 18, 7, 29, 20, 16, 9, 27, 22, 3, 1, 15, 21, 28, 8, 17, 19, 30, 6, 10, 26, 23, 13]
[2, 14, 11, 25, 24, 12, 4, 5, 31, 18, 7, 29, 20, 16, 9, 27, 22, 3, 13, 23, 26, 10, 6, 30, 19, 17, 8, 1, 15, 21, 28]
[2, 14, 11, 25, 24, 12, 4, 5, 31, 18, 7, 29, 20, 16, 9, 27, 22, 3, 13, 23, 26, 10, 6, 30, 19, 17, 8, 28, 21, 15, 1]
[2, 14, 11, 25, 24, 12, 13, 23, 26, 10, 6, 30, 19, 17, 8, 28, 21, 4, 5, 31, 18, 7, 29, 20, 16, 9, 27, 22, 3, 1, 15]
[2, 14, 11, 25, 24, 12, 13, 23, 26, 10, 6, 30, 19, 17, 8, 28, 21, 15, 1, 3, 22, 27, 9, 16, 20, 29, 7, 18, 31, 5, 4]
[2, 14, 11, 25, 24, 12, 13, 23, 26, 10, 15, 1, 3, 6, 30, 19, 17, 8, 28, 21, 4, 5, 31, 18, 7, 29, 20, 16, 9, 27, 22]
[2, 14, 11, 25, 24, 12, 13, 23, 26, 10, 15, 1, 3, 22, 27, 9, 16, 20, 29, 7, 18, 31, 5, 4, 21, 28, 8, 17, 19, 6, 30]
[2, 14, 11, 25, 24, 12, 13, 23, 26, 10, 15, 1, 3, 22, 27, 9, 16, 20, 29, 7, 18, 31, 5, 4, 21, 28, 8, 17, 19, 30, 6]
[2, 14, 11, 25, 24, 12, 13, 23, 26, 10, 15, 1, 8, 17, 19, 30, 6, 3, 22, 27, 9, 16, 20, 29, 7, 18, 31, 5, 4, 21, 28]
[2, 14, 11, 25, 24, 12, 13, 23, 26, 10, 15, 1, 8, 28, 21, 4, 5, 31, 18, 7, 29, 20, 16, 9, 27, 22, 3, 6, 30, 19, 17]
[2, 14, 22, 3, 6, 30, 19, 17, 8, 28, 21, 4, 12, 13, 23, 26, 10, 15, 1, 24, 25, 11, 5, 31, 18, 7, 29, 20, 16, 9, 27]
[2, 14, 22, 27, 9, 16, 20, 29, 7, 18, 31, 5, 4, 12, 13, 23, 26, 10, 15, 21, 28, 8, 17, 19, 30, 6, 3, 1, 24, 25, 11]
[2, 14, 22, 27, 9, 16, 20, 29, 7, 18, 31, 5, 4, 21, 28, 8, 17, 19, 30, 6, 3, 1, 15, 10, 26, 23, 13, 12, 24, 25, 11]
[2, 14, 22, 27, 9, 16, 20, 29, 7, 18, 31, 5, 11, 25, 24, 1, 3, 6, 30, 19, 17, 8, 28, 21, 4, 12, 13, 23, 26, 10, 15]
[2, 14, 22, 27, 9, 16, 20, 29, 7, 18, 31, 5, 11, 25, 24, 1, 3, 6, 30, 19, 17, 8, 28, 21, 15, 10, 26, 23, 13, 12, 4]
[2, 14, 22, 27, 9, 16, 20, 29, 7, 18, 31, 5, 11, 25, 24, 1, 15, 10, 26, 23, 13, 3, 6, 30, 19, 17, 8, 28, 21, 4, 12]
[2, 14, 22, 27, 9, 16, 20, 29, 7, 18, 31, 5, 11, 25, 24, 1, 15, 10, 26, 23, 13, 12, 4, 21, 28, 8, 17, 19, 30, 6, 3]
[2, 14, 22, 27, 9, 16, 20, 29, 7, 18, 31, 5, 11, 25, 24, 12, 4, 21, 15, 1, 3, 13, 23, 26, 10, 6, 30, 19, 17, 8, 28]
[2, 14, 22, 27, 9, 16, 20, 29, 7, 18, 31, 5, 11, 25, 24, 12, 4, 21, 28, 8, 1, 15, 10, 26, 23, 13, 3, 6, 30, 19, 17]
[2, 14, 22, 27, 9, 16, 20, 29, 7, 18, 31, 5, 11, 25, 24, 12, 4, 21, 28, 8, 17, 19, 30, 6, 3, 1, 15, 10, 26, 23, 13]
[2, 14, 22, 27, 9, 16, 20, 29, 7, 18, 31, 5, 11, 25, 24, 12, 4, 21, 28, 8, 17, 19, 30, 6, 3, 13, 23, 26, 10, 15, 1]
[2, 14, 22, 27, 9, 16, 20, 29, 7, 18, 31, 5, 11, 25, 24, 12, 4, 21, 28, 8, 17, 19, 30, 6, 10, 15, 1, 3, 13, 23, 26]
[2, 14, 22, 27, 9, 16, 20, 29, 7, 18, 31, 5, 11, 25, 24, 12, 4, 21, 28, 8, 17, 19, 30, 6, 10, 26, 23, 13, 3, 1, 15]
[2, 14, 22, 27, 9, 16, 20, 29, 7, 18, 31, 5, 11, 25, 24, 12, 13, 23, 26, 10, 15, 1, 3, 6, 30, 19, 17, 8, 28, 21, 4]
[2, 23, 13, 12, 4, 5, 31, 18, 7, 29, 20, 16, 9, 27, 22, 14, 11, 25, 24, 1, 3, 6, 30, 19, 17, 8, 28, 21, 15, 10, 26]
[2, 23, 13, 12, 24, 25, 11, 14, 22, 27, 9, 16, 20, 29, 7, 18, 31, 5, 4, 21, 28, 8, 17, 19, 30, 6, 3, 1, 15, 10, 26]
[2, 23, 26, 10, 6, 3, 13, 12, 4, 5, 31, 18, 7, 29, 20, 16, 9, 27, 22, 14, 11, 25, 24, 1, 15, 21, 28, 8, 17, 19, 30]
[2, 23, 26, 10, 6, 30, 19, 17, 8, 28, 21, 4, 5, 31, 18, 7, 29, 20, 16, 9, 27, 22, 14, 11, 25, 24, 12, 13, 3, 1, 15]
[2, 23, 26, 10, 6, 30, 19, 17, 8, 28, 21, 15, 1, 3, 13, 12, 4, 5, 31, 18, 7, 29, 20, 16, 9, 27, 22, 14, 11, 25, 24]
[2, 23, 26, 10, 6, 30, 19, 17, 8, 28, 21, 15, 1, 3, 13, 12, 24, 25, 11, 14, 22, 27, 9, 16, 20, 29, 7, 18, 31, 5, 4]
[2, 23, 26, 10, 6, 30, 19, 17, 8, 28, 21, 15, 1, 24, 25, 11, 14, 22, 3, 13, 12, 4, 5, 31, 18, 7, 29, 20, 16, 9, 27]
[2, 23, 26, 10, 6, 30, 19, 17, 8, 28, 21, 15, 1, 24, 25, 11, 14, 22, 27, 9, 16, 20, 29, 7, 18, 31, 5, 4, 12, 13, 3]
[2, 23, 26, 10, 15, 1, 3, 6, 30, 19, 17, 8, 28, 21, 4, 5, 31, 18, 7, 29, 20, 16, 9, 27, 22, 14, 11, 25, 24, 12, 13]
[2, 23, 26, 10, 15, 1, 3, 13, 12, 24, 25, 11, 14, 22, 27, 9, 16, 20, 29, 7, 18, 31, 5, 4, 21, 28, 8, 17, 19, 6, 30]
[2, 23, 26, 10, 15, 1, 3, 13, 12, 24, 25, 11, 14, 22, 27, 9, 16, 20, 29, 7, 18, 31, 5, 4, 21, 28, 8, 17, 19, 30, 6]
[2, 23, 26, 10, 15, 1, 8, 17, 19, 30, 6, 3, 13, 12, 24, 25, 11, 14, 22, 27, 9, 16, 20, 29, 7, 18, 31, 5, 4, 21, 28]
[2, 23, 26, 10, 15, 1, 8, 28, 21, 4, 5, 31, 18, 7, 29, 20, 16, 9, 27, 22, 14, 11, 25, 24, 12, 13, 3, 6, 30, 19, 17]
[2, 23, 26, 10, 15, 1, 24, 12, 13, 3, 6, 30, 19, 17, 8, 28, 21, 4, 5, 31, 18, 7, 29, 20, 16, 9, 27, 22, 14, 11, 25]
[2, 23, 26, 10, 15, 1, 24, 25, 11, 14, 22, 27, 9, 16, 20, 29, 7, 18, 31, 5, 4, 12, 13, 3, 6, 30, 19, 17, 8, 28, 21]
[2, 23, 26, 10, 15, 1, 24, 25, 11, 14, 22, 27, 9, 16, 20, 29, 7, 18, 31, 5, 4, 21, 28, 8, 17, 19, 30, 6, 3, 13, 12]
[2, 23, 26, 10, 15, 21, 28, 8, 1, 24, 25, 11, 14, 22, 27, 9, 16, 20, 29, 7, 18, 31, 5, 4, 12, 13, 3, 6, 30, 19, 17]
[2, 23, 26, 10, 15, 21, 28, 8, 17, 19, 30, 6, 3, 1, 24, 25, 11, 14, 22, 27, 9, 16, 20, 29, 7, 18, 31, 5, 4, 12, 13]
[2, 23, 26, 10, 15, 21, 28, 8, 17, 19, 30, 6, 3, 13, 12, 4, 5, 31, 18, 7, 29, 20, 16, 9, 27, 22, 14, 11, 25, 24, 1]
[3, 6, 30, 19, 17, 8, 28, 21, 4, 12, 13, 23, 2, 14, 22, 27, 9, 16, 20, 29, 7, 18, 31, 5, 11, 25, 24, 1, 15, 10, 26]
[3, 6, 30, 19, 17, 8, 28, 21, 4, 12, 13, 23, 26, 10, 15, 1, 24, 25, 11, 5, 31, 18, 7, 2, 14, 22, 27, 9, 16, 20, 29]
[3, 6, 30, 19, 17, 8, 28, 21, 4, 12, 13, 23, 26, 10, 15, 1, 24, 25, 11, 5, 31, 18, 7, 29, 20, 16, 9, 27, 22, 14, 2]
[3, 13, 12, 4, 5, 11, 25, 24, 1, 15, 21, 28, 8, 17, 19, 30, 6, 10, 26, 23, 2, 14, 22, 27, 9, 16, 20, 29, 7, 18, 31]
[3, 13, 12, 4, 5, 31, 18, 7, 2, 23, 26, 10, 6, 30, 19, 17, 8, 28, 21, 15, 1, 24, 25, 11, 14, 22, 27, 9, 16, 20, 29]
[3, 13, 12, 4, 5, 31, 18, 7, 29, 20, 16, 9, 27, 22, 14, 2, 23, 26, 10, 6, 30, 19, 17, 8, 28, 21, 15, 1, 24, 25, 11]
[3, 13, 12, 4, 5, 31, 18, 7, 29, 20, 16, 9, 27, 22, 14, 11, 25, 24, 1, 15, 21, 28, 8, 17, 19, 30, 6, 10, 26, 23, 2]
[3, 13, 12, 4, 21, 15, 1, 24, 25, 11, 5, 31, 18, 7, 29, 20, 16, 9, 27, 22, 14, 2, 23, 26, 10, 6, 30, 19, 17, 8, 28]
[3, 13, 12, 4, 21, 28, 8, 17, 19, 30, 6, 10, 15, 1, 24, 25, 11, 5, 31, 18, 7, 29, 20, 16, 9, 27, 22, 14, 2, 23, 26]
[3, 13, 12, 4, 21, 28, 8, 17, 19, 30, 6, 10, 26, 23, 2, 14, 22, 27, 9, 16, 20, 29, 7, 18, 31, 5, 11, 25, 24, 1, 15]
[3, 22, 27, 9, 16, 20, 29, 7, 2, 14, 11, 25, 24, 1, 15, 21, 28, 8, 17, 19, 30, 6, 10, 26, 23, 13, 12, 4, 5, 31, 18]
[3, 22, 27, 9, 16, 20, 29, 7, 18, 31, 5, 4, 12, 13, 23, 2, 14, 11, 25, 24, 1, 15, 21, 28, 8, 17, 19, 30, 6, 10, 26]
[3, 22, 27, 9, 16, 20, 29, 7, 18, 31, 5, 4, 12, 13, 23, 26, 10, 6, 30, 19, 17, 8, 28, 21, 15, 1, 24, 25, 11, 14, 2]
[4, 5, 11, 25, 24, 12, 13, 3, 1, 15, 21, 28, 8, 17, 19, 30, 6, 10, 26, 23, 2, 14, 22, 27, 9, 16, 20, 29, 7, 18, 31]
[4, 5, 31, 18, 7, 2, 14, 11, 25, 24, 12, 13, 23, 26, 10, 6, 30, 19, 17, 8, 28, 21, 15, 1, 3, 22, 27, 9, 16, 20, 29]
[4, 5, 31, 18, 7, 2, 23, 26, 10, 6, 30, 19, 17, 8, 28, 21, 15, 1, 3, 13, 12, 24, 25, 11, 14, 22, 27, 9, 16, 20, 29]
[4, 5, 31, 18, 7, 29, 20, 16, 9, 27, 22, 3, 1, 15, 21, 28, 8, 17, 19, 30, 6, 10, 26, 23, 2, 14, 11, 25, 24, 12, 13]
[4, 5, 31, 18, 7, 29, 20, 16, 9, 27, 22, 3, 1, 15, 21, 28, 8, 17, 19, 30, 6, 10, 26, 23, 13, 12, 24, 25, 11, 14, 2]
[4, 5, 31, 18, 7, 29, 20, 16, 9, 27, 22, 3, 13, 12, 24, 1, 15, 21, 28, 8, 17, 19, 30, 6, 10, 26, 23, 2, 14, 11, 25]
[4, 5, 31, 18, 7, 29, 20, 16, 9, 27, 22, 3, 13, 12, 24, 25, 11, 14, 2, 23, 26, 10, 6, 30, 19, 17, 8, 1, 15, 21, 28]
[4, 5, 31, 18, 7, 29, 20, 16, 9, 27, 22, 3, 13, 12, 24, 25, 11, 14, 2, 23, 26, 10, 6, 30, 19, 17, 8, 28, 21, 15, 1]
[4, 5, 31, 18, 7, 29, 20, 16, 9, 27, 22, 14, 2, 23, 26, 10, 6, 30, 19, 17, 8, 28, 21, 15, 1, 3, 13, 12, 24, 25, 11]
[4, 5, 31, 18, 7, 29, 20, 16, 9, 27, 22, 14, 11, 25, 24, 12, 13, 3, 1, 15, 21, 28, 8, 17, 19, 30, 6, 10, 26, 23, 2]
[4, 12, 13, 3, 1, 15, 21, 28, 8, 17, 19, 30, 6, 10, 26, 23, 2, 14, 22, 27, 9, 16, 20, 29, 7, 18, 31, 5, 11, 25, 24]
[4, 12, 13, 3, 1, 24, 25, 11, 5, 31, 18, 7, 29, 20, 16, 9, 27, 22, 14, 2, 23, 26, 10, 6, 30, 19, 17, 8, 28, 21, 15]
[4, 12, 13, 3, 1, 24, 25, 11, 5, 31, 18, 7, 29, 20, 16, 9, 27, 22, 14, 2, 23, 26, 10, 15, 21, 28, 8, 17, 19, 6, 30]
[4, 12, 13, 3, 1, 24, 25, 11, 5, 31, 18, 7, 29, 20, 16, 9, 27, 22, 14, 2, 23, 26, 10, 15, 21, 28, 8, 17, 19, 30, 6]
[4, 12, 13, 3, 6, 10, 26, 23, 2, 14, 22, 27, 9, 16, 20, 29, 7, 18, 31, 5, 11, 25, 24, 1, 15, 21, 28, 8, 17, 19, 30]
[4, 12, 13, 3, 6, 30, 19, 17, 8, 1, 24, 25, 11, 5, 31, 18, 7, 29, 20, 16, 9, 27, 22, 14, 2, 23, 26, 10, 15, 21, 28]
[4, 12, 13, 3, 6, 30, 19, 17, 8, 28, 21, 15, 1, 24, 25, 11, 5, 31, 18, 7, 29, 20, 16, 9, 27, 22, 14, 2, 23, 26, 10]
[4, 12, 13, 3, 6, 30, 19, 17, 8, 28, 21, 15, 10, 26, 23, 2, 14, 22, 27, 9, 16, 20, 29, 7, 18, 31, 5, 11, 25, 24, 1]
[4, 12, 13, 3, 22, 14, 2, 23, 26, 10, 6, 30, 19, 17, 8, 28, 21, 15, 1, 24, 25, 11, 5, 31, 18, 7, 29, 20, 16, 9, 27]
[4, 12, 13, 3, 22, 27, 9, 16, 20, 29, 7, 18, 31, 5, 11, 14, 2, 23, 26, 10, 6, 30, 19, 17, 8, 28, 21, 15, 1, 24, 25]
[4, 12, 13, 3, 22, 27, 9, 16, 20, 29, 7, 18, 31, 5, 11, 25, 24, 1, 15, 21, 28, 8, 17, 19, 30, 6, 10, 26, 23, 2, 14]
[4, 12, 13, 23, 2, 14, 22, 27, 9, 16, 20, 29, 7, 18, 31, 5, 11, 25, 24, 1, 3, 6, 30, 19, 17, 8, 28, 21, 15, 10, 26]
[4, 12, 13, 23, 26, 10, 15, 21, 28, 8, 17, 19, 30, 6, 3, 1, 24, 25, 11, 5, 31, 18, 7, 2, 14, 22, 27, 9, 16, 20, 29]
[4, 12, 13, 23, 26, 10, 15, 21, 28, 8, 17, 19, 30, 6, 3, 1, 24, 25, 11, 5, 31, 18, 7, 29, 20, 16, 9, 27, 22, 14, 2]
[4, 12, 24, 25, 11, 5, 31, 18, 7, 29, 20, 16, 9, 27, 22, 14, 2, 23, 13, 3, 1, 15, 21, 28, 8, 17, 19, 30, 6, 10, 26]
[4, 12, 24, 25, 11, 5, 31, 18, 7, 29, 20, 16, 9, 27, 22, 14, 2, 23, 26, 10, 6, 30, 19, 17, 8, 28, 21, 15, 1, 3, 13]
[4, 21, 15, 1, 3, 13, 12, 24, 25, 11, 5, 31, 18, 7, 29, 20, 16, 9, 27, 22, 14, 2, 23, 26, 10, 6, 30, 19, 17, 8, 28]
[4, 21, 28, 8, 1, 15, 10, 26, 23, 2, 14, 22, 27, 9, 16, 20, 29, 7, 18, 31, 5, 11, 25, 24, 12, 13, 3, 6, 30, 19, 17]
[4, 21, 28, 8, 17, 19, 30, 6, 3, 1, 15, 10, 26, 23, 2, 14, 22, 27, 9, 16, 20, 29, 7, 18, 31, 5, 11, 25, 24, 12, 13]
[4, 21, 28, 8, 17, 19, 30, 6, 3, 1, 15, 10, 26, 23, 13, 12, 24, 25, 11, 5, 31, 18, 7, 2, 14, 22, 27, 9, 16, 20, 29]
[4, 21, 28, 8, 17, 19, 30, 6, 3, 1, 15, 10, 26, 23, 13, 12, 24, 25, 11, 5, 31, 18, 7, 29, 20, 16, 9, 27, 22, 14, 2]
[4, 21, 28, 8, 17, 19, 30, 6, 3, 13, 12, 24, 1, 15, 10, 26, 23, 2, 14, 22, 27, 9, 16, 20, 29, 7, 18, 31, 5, 11, 25]
[4, 21, 28, 8, 17, 19, 30, 6, 3, 13, 12, 24, 25, 11, 5, 31, 18, 7, 29, 20, 16, 9, 27, 22, 14, 2, 23, 26, 10, 15, 1]
[4, 21, 28, 8, 17, 19, 30, 6, 10, 15, 1, 3, 13, 12, 24, 25, 11, 5, 31, 18, 7, 29, 20, 16, 9, 27, 22, 14, 2, 23, 26]
[4, 21, 28, 8, 17, 19, 30, 6, 10, 26, 23, 2, 14, 22, 27, 9, 16, 20, 29, 7, 18, 31, 5, 11, 25, 24, 12, 13, 3, 1, 15]
[5, 31, 18, 7, 2, 14, 11, 25, 24, 1, 15, 10, 26, 23, 13, 12, 4, 21, 28, 8, 17, 19, 30, 6, 3, 22, 27, 9, 16, 20, 29]
[5, 31, 18, 7, 29, 20, 16, 9, 27, 22, 3, 6, 30, 19, 17, 8, 28, 21, 4, 12, 13, 23, 2, 14, 11, 25, 24, 1, 15, 10, 26]
[5, 31, 18, 7, 29, 20, 16, 9, 27, 22, 3, 6, 30, 19, 17, 8, 28, 21, 4, 12, 13, 23, 26, 10, 15, 1, 24, 25, 11, 14, 2]
[5, 31, 18, 7, 29, 20, 16, 9, 27, 22, 3, 13, 12, 4, 21, 15, 1, 24, 25, 11, 14, 2, 23, 26, 10, 6, 30, 19, 17, 8, 28]
[5, 31, 18, 7, 29, 20, 16, 9, 27, 22, 3, 13, 12, 4, 21, 28, 8, 17, 19, 30, 6, 10, 15, 1, 24, 25, 11, 14, 2, 23, 26]
[5, 31, 18, 7, 29, 20, 16, 9, 27, 22, 3, 13, 12, 4, 21, 28, 8, 17, 19, 30, 6, 10, 26, 23, 2, 14, 11, 25, 24, 1, 15]
[6, 30, 19, 17, 8, 1, 15, 10, 26, 23, 2, 14, 11, 25, 24, 12, 13, 3, 22, 27, 9, 16, 20, 29, 7, 18, 31, 5, 4, 21, 28]
[6, 30, 19, 17, 8, 28, 21, 4, 5, 11, 25, 24, 12, 13, 3, 1, 15, 10, 26, 23, 2, 14, 22, 27, 9, 16, 20, 29, 7, 18, 31]
[6, 30, 19, 17, 8, 28, 21, 4, 5, 31, 18, 7, 2, 14, 11, 25, 24, 12, 13, 23, 26, 10, 15, 1, 3, 22, 27, 9, 16, 20, 29]
[6, 30, 19, 17, 8, 28, 21, 4, 5, 31, 18, 7, 2, 23, 26, 10, 15, 1, 3, 13, 12, 24, 25, 11, 14, 22, 27, 9, 16, 20, 29]
[6, 30, 19, 17, 8, 28, 21, 4, 5, 31, 18, 7, 29, 20, 16, 9, 27, 22, 3, 1, 15, 10, 26, 23, 2, 14, 11, 25, 24, 12, 13]
[6, 30, 19, 17, 8, 28, 21, 4, 5, 31, 18, 7, 29, 20, 16, 9, 27, 22, 3, 1, 15, 10, 26, 23, 13, 12, 24, 25, 11, 14, 2]
[6, 30, 19, 17, 8, 28, 21, 4, 5, 31, 18, 7, 29, 20, 16, 9, 27, 22, 3, 13, 12, 24, 1, 15, 10, 26, 23, 2, 14, 11, 25]
[6, 30, 19, 17, 8, 28, 21, 4, 5, 31, 18, 7, 29, 20, 16, 9, 27, 22, 3, 13, 12, 24, 25, 11, 14, 2, 23, 26, 10, 15, 1]
[6, 30, 19, 17, 8, 28, 21, 4, 5, 31, 18, 7, 29, 20, 16, 9, 27, 22, 14, 2, 23, 26, 10, 15, 1, 3, 13, 12, 24, 25, 11]
[6, 30, 19, 17, 8, 28, 21, 4, 5, 31, 18, 7, 29, 20, 16, 9, 27, 22, 14, 11, 25, 24, 12, 13, 3, 1, 15, 10, 26, 23, 2]
[6, 30, 19, 17, 8, 28, 21, 4, 12, 13, 3, 1, 15, 10, 26, 23, 2, 14, 22, 27, 9, 16, 20, 29, 7, 18, 31, 5, 11, 25, 24]
[6, 30, 19, 17, 8, 28, 21, 4, 12, 13, 3, 1, 24, 25, 11, 5, 31, 18, 7, 29, 20, 16, 9, 27, 22, 14, 2, 23, 26, 10, 15]
[6, 30, 19, 17, 8, 28, 21, 4, 12, 13, 3, 22, 14, 2, 23, 26, 10, 15, 1, 24, 25, 11, 5, 31, 18, 7, 29, 20, 16, 9, 27]
[6, 30, 19, 17, 8, 28, 21, 4, 12, 13, 3, 22, 27, 9, 16, 20, 29, 7, 18, 31, 5, 11, 14, 2, 23, 26, 10, 15, 1, 24, 25]
[6, 30, 19, 17, 8, 28, 21, 4, 12, 13, 3, 22, 27, 9, 16, 20, 29, 7, 18, 31, 5, 11, 25, 24, 1, 15, 10, 26, 23, 2, 14]
[6, 30, 19, 17, 8, 28, 21, 4, 12, 24, 25, 11, 5, 31, 18, 7, 29, 20, 16, 9, 27, 22, 14, 2, 23, 13, 3, 1, 15, 10, 26]
[6, 30, 19, 17, 8, 28, 21, 4, 12, 24, 25, 11, 5, 31, 18, 7, 29, 20, 16, 9, 27, 22, 14, 2, 23, 26, 10, 15, 1, 3, 13]
[6, 30, 19, 17, 8, 28, 21, 15, 10, 26, 23, 2, 7, 18, 31, 5, 4, 12, 13, 3, 1, 24, 25, 11, 14, 22, 27, 9, 16, 20, 29]
[6, 30, 19, 17, 8, 28, 21, 15, 10, 26, 23, 2, 7, 29, 20, 16, 9, 27, 22, 14, 11, 25, 24, 1, 3, 13, 12, 4, 5, 31, 18]
[6, 30, 19, 17, 8, 28, 21, 15, 10, 26, 23, 2, 14, 11, 25, 24, 1, 3, 13, 12, 4, 5, 31, 18, 7, 29, 20, 16, 9, 27, 22]
[6, 30, 19, 17, 8, 28, 21, 15, 10, 26, 23, 2, 14, 11, 25, 24, 1, 3, 22, 27, 9, 16, 20, 29, 7, 18, 31, 5, 4, 12, 13]
[6, 30, 19, 17, 8, 28, 21, 15, 10, 26, 23, 2, 14, 22, 27, 9, 16, 20, 29, 7, 18, 31, 5, 4, 12, 13, 3, 1, 24, 25, 11]
[6, 30, 19, 17, 8, 28, 21, 15, 10, 26, 23, 2, 14, 22, 27, 9, 16, 20, 29, 7, 18, 31, 5, 11, 25, 24, 1, 3, 13, 12, 4]
[6, 30, 19, 17, 8, 28, 21, 15, 10, 26, 23, 13, 12, 4, 5, 31, 18, 7, 2, 14, 11, 25, 24, 1, 3, 22, 27, 9, 16, 20, 29]
[6, 30, 19, 17, 8, 28, 21, 15, 10, 26, 23, 13, 12, 4, 5, 31, 18, 7, 29, 20, 16, 9, 27, 22, 3, 1, 24, 25, 11, 14, 2]
[10, 26, 23, 2, 7, 18, 31, 5, 4, 12, 13, 3, 6, 30, 19, 17, 8, 28, 21, 15, 1, 24, 25, 11, 14, 22, 27, 9, 16, 20, 29]
[10, 26, 23, 2, 7, 29, 20, 16, 9, 27, 22, 14, 11, 25, 24, 1, 15, 21, 28, 8, 17, 19, 30, 6, 3, 13, 12, 4, 5, 31, 18]
[10, 26, 23, 2, 14, 11, 25, 24, 1, 15, 21, 28, 8, 17, 19, 30, 6, 3, 13, 12, 4, 5, 31, 18, 7, 29, 20, 16, 9, 27, 22]
[10, 26, 23, 2, 14, 11, 25, 24, 1, 15, 21, 28, 8, 17, 19, 30, 6, 3, 22, 27, 9, 16, 20, 29, 7, 18, 31, 5, 4, 12, 13]
[10, 26, 23, 2, 14, 22, 27, 9, 16, 20, 29, 7, 18, 31, 5, 4, 12, 13, 3, 6, 30, 19, 17, 8, 28, 21, 15, 1, 24, 25, 11]
[10, 26, 23, 2, 14, 22, 27, 9, 16, 20, 29, 7, 18, 31, 5, 11, 25, 24, 1, 15, 21, 4, 12, 13, 3, 6, 30, 19, 17, 8, 28]
[10, 26, 23, 2, 14, 22, 27, 9, 16, 20, 29, 7, 18, 31, 5, 11, 25, 24, 1, 15, 21, 28, 8, 17, 19, 30, 6, 3, 13, 12, 4]
[10, 26, 23, 13, 12, 4, 5, 31, 18, 7, 2, 14, 11, 25, 24, 1, 15, 21, 28, 8, 17, 19, 30, 6, 3, 22, 27, 9, 16, 20, 29]
[10, 26, 23, 13, 12, 4, 5, 31, 18, 7, 29, 20, 16, 9, 27, 22, 3, 6, 30, 19, 17, 8, 28, 21, 15, 1, 24, 25, 11, 14, 2]
[11, 25, 24, 1, 3, 6, 30, 19, 17, 8, 28, 21, 15, 10, 26, 23, 2, 14, 22, 27, 9, 16, 20, 29, 7, 18, 31, 5, 4, 12, 13]
[11, 25, 24, 1, 3, 6, 30, 19, 17, 8, 28, 21, 15, 10, 26, 23, 13, 12, 4, 5, 31, 18, 7, 2, 14, 22, 27, 9, 16, 20, 29]
[11, 25, 24, 1, 3, 6, 30, 19, 17, 8, 28, 21, 15, 10, 26, 23, 13, 12, 4, 5, 31, 18, 7, 29, 20, 16, 9, 27, 22, 14, 2]
[11, 25, 24, 1, 3, 13, 12, 4, 5, 31, 18, 7, 29, 20, 16, 9, 27, 22, 14, 2, 23, 26, 10, 6, 30, 19, 17, 8, 28, 21, 15]
[11, 25, 24, 1, 3, 13, 12, 4, 5, 31, 18, 7, 29, 20, 16, 9, 27, 22, 14, 2, 23, 26, 10, 15, 21, 28, 8, 17, 19, 6, 30]
[11, 25, 24, 1, 3, 13, 12, 4, 5, 31, 18, 7, 29, 20, 16, 9, 27, 22, 14, 2, 23, 26, 10, 15, 21, 28, 8, 17, 19, 30, 6]
[11, 25, 24, 1, 8, 17, 19, 30, 6, 3, 13, 12, 4, 5, 31, 18, 7, 29, 20, 16, 9, 27, 22, 14, 2, 23, 26, 10, 15, 21, 28]
[11, 25, 24, 1, 8, 28, 21, 15, 10, 26, 23, 2, 14, 22, 27, 9, 16, 20, 29, 7, 18, 31, 5, 4, 12, 13, 3, 6, 30, 19, 17]
[11, 25, 24, 1, 15, 10, 26, 23, 2, 14, 22, 27, 9, 16, 20, 29, 7, 18, 31, 5, 4, 12, 13, 3, 6, 30, 19, 17, 8, 28, 21]
[11, 25, 24, 1, 15, 10, 26, 23, 2, 14, 22, 27, 9, 16, 20, 29, 7, 18, 31, 5, 4, 21, 28, 8, 17, 19, 30, 6, 3, 13, 12]
[11, 25, 24, 1, 15, 21, 28, 8, 17, 19, 30, 6, 3, 13, 12, 4, 5, 31, 18, 7, 29, 20, 16, 9, 27, 22, 14, 2, 23, 26, 10]
[11, 25, 24, 1, 15, 21, 28, 8, 17, 19, 30, 6, 10, 26, 23, 2, 14, 22, 3, 13, 12, 4, 5, 31, 18, 7, 29, 20, 16, 9, 27]
[11, 25, 24, 1, 15, 21, 28, 8, 17, 19, 30, 6, 10, 26, 23, 2, 14, 22, 27, 9, 16, 20, 29, 7, 18, 31, 5, 4, 12, 13, 3]
[11, 25, 24, 12, 4, 5, 31, 18, 7, 29, 20, 16, 9, 27, 22, 14, 2, 23, 13, 3, 1, 15, 21, 28, 8, 17, 19, 30, 6, 10, 26]
[11, 25, 24, 12, 4, 5, 31, 18, 7, 29, 20, 16, 9, 27, 22, 14, 2, 23, 26, 10, 6, 30, 19, 17, 8, 28, 21, 15, 1, 3, 13]
[11, 25, 24, 12, 13, 3, 1, 15, 10, 6, 30, 19, 17, 8, 28, 21, 4, 5, 31, 18, 7, 29, 20, 16, 9, 27, 22, 14, 2, 23, 26]
[11, 25, 24, 12, 13, 3, 1, 15, 10, 26, 23, 2, 14, 22, 27, 9, 16, 20, 29, 7, 18, 31, 5, 4, 21, 28, 8, 17, 19, 6, 30]
[11, 25, 24, 12, 13, 3, 1, 15, 10, 26, 23, 2, 14, 22, 27, 9, 16, 20, 29, 7, 18, 31, 5, 4, 21, 28, 8, 17, 19, 30, 6]
[11, 25, 24, 12, 13, 3, 1, 15, 21, 4, 5, 31, 18, 7, 29, 20, 16, 9, 27, 22, 14, 2, 23, 26, 10, 6, 30, 19, 17, 8, 28]
[11, 25, 24, 12, 13, 3, 1, 15, 21, 28, 8, 17, 19, 30, 6, 10, 26, 23, 2, 14, 22, 27, 9, 16, 20, 29, 7, 18, 31, 5, 4]
[11, 25, 24, 12, 13, 3, 6, 30, 19, 17, 8, 1, 15, 10, 26, 23, 2, 14, 22, 27, 9, 16, 20, 29, 7, 18, 31, 5, 4, 21, 28]
[11, 25, 24, 12, 13, 3, 6, 30, 19, 17, 8, 28, 21, 4, 5, 31, 18, 7, 29, 20, 16, 9, 27, 22, 14, 2, 23, 26, 10, 15, 1]
[11, 25, 24, 12, 13, 23, 2, 14, 22, 27, 9, 16, 20, 29, 7, 18, 31, 5, 4, 21, 28, 8, 17, 19, 30, 6, 3, 1, 15, 10, 26]
[11, 25, 24, 12, 13, 23, 26, 10, 15, 1, 3, 6, 30, 19, 17, 8, 28, 21, 4, 5, 31, 18, 7, 2, 14, 22, 27, 9, 16, 20, 29]
[11, 25, 24, 12, 13, 23, 26, 10, 15, 1, 3, 6, 30, 19, 17, 8, 28, 21, 4, 5, 31, 18, 7, 29, 20, 16, 9, 27, 22, 14, 2]
[12, 4, 5, 31, 18, 7, 2, 14, 11, 25, 24, 1, 15, 21, 28, 8, 17, 19, 30, 6, 10, 26, 23, 13, 3, 22, 27, 9, 16, 20, 29]
[12, 4, 5, 31, 18, 7, 29, 20, 16, 9, 27, 22, 3, 13, 23, 2, 14, 11, 25, 24, 1, 15, 21, 28, 8, 17, 19, 30, 6, 10, 26]
[12, 4, 5, 31, 18, 7, 29, 20, 16, 9, 27, 22, 3, 13, 23, 26, 10, 6, 30, 19, 17, 8, 28, 21, 15, 1, 24, 25, 11, 14, 2]
[12, 4, 21, 28, 8, 17, 19, 30, 6, 3, 13, 23, 2, 14, 22, 27, 9, 16, 20, 29, 7, 18, 31, 5, 11, 25, 24, 1, 15, 10, 26]
[12, 4, 21, 28, 8, 17, 19, 30, 6, 3, 13, 23, 26, 10, 15, 1, 24, 25, 11, 5, 31, 18, 7, 2, 14, 22, 27, 9, 16, 20, 29]
[12, 4, 21, 28, 8, 17, 19, 30, 6, 3, 13, 23, 26, 10, 15, 1, 24, 25, 11, 5, 31, 18, 7, 29, 20, 16, 9, 27, 22, 14, 2]
[12, 13, 3, 6, 30, 19, 17, 8, 28, 21, 4, 5, 11, 25, 24, 1, 15, 10, 26, 23, 2, 14, 22, 27, 9, 16, 20, 29, 7, 18, 31]
[12, 13, 3, 6, 30, 19, 17, 8, 28, 21, 4, 5, 31, 18, 7, 2, 23, 26, 10, 15, 1, 24, 25, 11, 14, 22, 27, 9, 16, 20, 29]
[12, 13, 3, 6, 30, 19, 17, 8, 28, 21, 4, 5, 31, 18, 7, 29, 20, 16, 9, 27, 22, 14, 2, 23, 26, 10, 15, 1, 24, 25, 11]
[12, 13, 3, 6, 30, 19, 17, 8, 28, 21, 4, 5, 31, 18, 7, 29, 20, 16, 9, 27, 22, 14, 11, 25, 24, 1, 15, 10, 26, 23, 2]
[12, 13, 3, 22, 27, 9, 16, 20, 29, 7, 18, 31, 5, 4, 21, 15, 1, 24, 25, 11, 14, 2, 23, 26, 10, 6, 30, 19, 17, 8, 28]
[12, 13, 3, 22, 27, 9, 16, 20, 29, 7, 18, 31, 5, 4, 21, 28, 8, 17, 19, 30, 6, 10, 15, 1, 24, 25, 11, 14, 2, 23, 26]
[12, 13, 3, 22, 27, 9, 16, 20, 29, 7, 18, 31, 5, 4, 21, 28, 8, 17, 19, 30, 6, 10, 26, 23, 2, 14, 11, 25, 24, 1, 15]
[12, 13, 23, 26, 10, 15, 1, 24, 25, 11, 14, 2, 7, 18, 31, 5, 4, 21, 28, 8, 17, 19, 30, 6, 3, 22, 27, 9, 16, 20, 29]
[12, 13, 23, 26, 10, 15, 1, 24, 25, 11, 14, 2, 7, 29, 20, 16, 9, 27, 22, 3, 6, 30, 19, 17, 8, 28, 21, 4, 5, 31, 18]
[13, 3, 1, 15, 10, 6, 30, 19, 17, 8, 28, 21, 4, 12, 24, 25, 11, 5, 31, 18, 7, 29, 20, 16, 9, 27, 22, 14, 2, 23, 26]
[13, 3, 1, 15, 10, 26, 23, 2, 14, 22, 27, 9, 16, 20, 29, 7, 18, 31, 5, 11, 25, 24, 12, 4, 21, 28, 8, 17, 19, 6, 30]
[13, 3, 1, 15, 10, 26, 23, 2, 14, 22, 27, 9, 16, 20, 29, 7, 18, 31, 5, 11, 25, 24, 12, 4, 21, 28, 8, 17, 19, 30, 6]
[13, 3, 1, 15, 21, 4, 12, 24, 25, 11, 5, 31, 18, 7, 29, 20, 16, 9, 27, 22, 14, 2, 23, 26, 10, 6, 30, 19, 17, 8, 28]
[13, 3, 1, 15, 21, 28, 8, 17, 19, 30, 6, 10, 26, 23, 2, 7, 18, 31, 5, 4, 12, 24, 25, 11, 14, 22, 27, 9, 16, 20, 29]
[13, 3, 1, 15, 21, 28, 8, 17, 19, 30, 6, 10, 26, 23, 2, 7, 29, 20, 16, 9, 27, 22, 14, 11, 25, 24, 12, 4, 5, 31, 18]
[13, 3, 1, 15, 21, 28, 8, 17, 19, 30, 6, 10, 26, 23, 2, 14, 11, 25, 24, 12, 4, 5, 31, 18, 7, 29, 20, 16, 9, 27, 22]
[13, 3, 1, 15, 21, 28, 8, 17, 19, 30, 6, 10, 26, 23, 2, 14, 22, 27, 9, 16, 20, 29, 7, 18, 31, 5, 4, 12, 24, 25, 11]
[13, 3, 1, 15, 21, 28, 8, 17, 19, 30, 6, 10, 26, 23, 2, 14, 22, 27, 9, 16, 20, 29, 7, 18, 31, 5, 11, 25, 24, 12, 4]
[13, 3, 6, 30, 19, 17, 8, 1, 15, 10, 26, 23, 2, 14, 22, 27, 9, 16, 20, 29, 7, 18, 31, 5, 11, 25, 24, 12, 4, 21, 28]
[13, 3, 6, 30, 19, 17, 8, 28, 21, 4, 12, 24, 1, 15, 10, 26, 23, 2, 14, 22, 27, 9, 16, 20, 29, 7, 18, 31, 5, 11, 25]
[13, 3, 6, 30, 19, 17, 8, 28, 21, 4, 12, 24, 25, 11, 5, 31, 18, 7, 29, 20, 16, 9, 27, 22, 14, 2, 23, 26, 10, 15, 1]
[13, 3, 22, 27, 9, 16, 20, 29, 7, 18, 31, 5, 4, 12, 24, 1, 15, 21, 28, 8, 17, 19, 30, 6, 10, 26, 23, 2, 14, 11, 25]
[13, 3, 22, 27, 9, 16, 20, 29, 7, 18, 31, 5, 4, 12, 24, 25, 11, 14, 2, 23, 26, 10, 6, 30, 19, 17, 8, 1, 15, 21, 28]
[13, 3, 22, 27, 9, 16, 20, 29, 7, 18, 31, 5, 4, 12, 24, 25, 11, 14, 2, 23, 26, 10, 6, 30, 19, 17, 8, 28, 21, 15, 1]
[13, 12, 4, 5, 11, 25, 24, 1, 3, 6, 30, 19, 17, 8, 28, 21, 15, 10, 26, 23, 2, 14, 22, 27, 9, 16, 20, 29, 7, 18, 31]
[13, 12, 4, 5, 31, 18, 7, 2, 23, 26, 10, 15, 21, 28, 8, 17, 19, 30, 6, 3, 1, 24, 25, 11, 14, 22, 27, 9, 16, 20, 29]
[13, 12, 4, 5, 31, 18, 7, 29, 20, 16, 9, 27, 22, 3, 1, 15, 21, 28, 8, 17, 19, 30, 6, 10, 26, 23, 2, 14, 11, 25, 24]
[13, 12, 4, 5, 31, 18, 7, 29, 20, 16, 9, 27, 22, 3, 1, 24, 25, 11, 14, 2, 23, 26, 10, 6, 30, 19, 17, 8, 28, 21, 15]
[13, 12, 4, 5, 31, 18, 7, 29, 20, 16, 9, 27, 22, 3, 1, 24, 25, 11, 14, 2, 23, 26, 10, 15, 21, 28, 8, 17, 19, 6, 30]
[13, 12, 4, 5, 31, 18, 7, 29, 20, 16, 9, 27, 22, 3, 1, 24, 25, 11, 14, 2, 23, 26, 10, 15, 21, 28, 8, 17, 19, 30, 6]
[13, 12, 4, 5, 31, 18, 7, 29, 20, 16, 9, 27, 22, 3, 6, 10, 26, 23, 2, 14, 11, 25, 24, 1, 15, 21, 28, 8, 17, 19, 30]
[13, 12, 4, 5, 31, 18, 7, 29, 20, 16, 9, 27, 22, 3, 6, 30, 19, 17, 8, 1, 24, 25, 11, 14, 2, 23, 26, 10, 15, 21, 28]
[13, 12, 4, 5, 31, 18, 7, 29, 20, 16, 9, 27, 22, 3, 6, 30, 19, 17, 8, 28, 21, 15, 1, 24, 25, 11, 14, 2, 23, 26, 10]
[13, 12, 4, 5, 31, 18, 7, 29, 20, 16, 9, 27, 22, 3, 6, 30, 19, 17, 8, 28, 21, 15, 10, 26, 23, 2, 14, 11, 25, 24, 1]
[13, 12, 4, 5, 31, 18, 7, 29, 20, 16, 9, 27, 22, 14, 2, 23, 26, 10, 15, 21, 28, 8, 17, 19, 30, 6, 3, 1, 24, 25, 11]
[13, 12, 4, 5, 31, 18, 7, 29, 20, 16, 9, 27, 22, 14, 11, 25, 24, 1, 3, 6, 30, 19, 17, 8, 28, 21, 15, 10, 26, 23, 2]
[13, 12, 4, 21, 15, 10, 26, 23, 2, 14, 22, 27, 9, 16, 20, 29, 7, 18, 31, 5, 11, 25, 24, 1, 3, 6, 30, 19, 17, 8, 28]
[13, 12, 4, 21, 28, 8, 17, 19, 30, 6, 3, 1, 15, 10, 26, 23, 2, 14, 22, 27, 9, 16, 20, 29, 7, 18, 31, 5, 11, 25, 24]
[13, 12, 4, 21, 28, 8, 17, 19, 30, 6, 3, 1, 24, 25, 11, 5, 31, 18, 7, 29, 20, 16, 9, 27, 22, 14, 2, 23, 26, 10, 15]
[13, 12, 4, 21, 28, 8, 17, 19, 30, 6, 3, 22, 14, 2, 23, 26, 10, 15, 1, 24, 25, 11, 5, 31, 18, 7, 29, 20, 16, 9, 27]
[13, 12, 4, 21, 28, 8, 17, 19, 30, 6, 3, 22, 27, 9, 16, 20, 29, 7, 18, 31, 5, 11, 14, 2, 23, 26, 10, 15, 1, 24, 25]
[13, 12, 4, 21, 28, 8, 17, 19, 30, 6, 3, 22, 27, 9, 16, 20, 29, 7, 18, 31, 5, 11, 25, 24, 1, 15, 10, 26, 23, 2, 14]
[13, 12, 24, 25, 11, 5, 4, 21, 28, 8, 17, 19, 30, 6, 3, 1, 15, 10, 26, 23, 2, 14, 22, 27, 9, 16, 20, 29, 7, 18, 31]
[13, 12, 24, 25, 11, 5, 31, 18, 7, 29, 20, 16, 9, 27, 22, 14, 2, 23, 26, 10, 15, 1, 3, 6, 30, 19, 17, 8, 28, 21, 4]
[13, 12, 24, 25, 11, 14, 2, 23, 26, 10, 6, 30, 19, 17, 8, 28, 21, 4, 5, 31, 18, 7, 29, 20, 16, 9, 27, 22, 3, 1, 15]
[13, 12, 24, 25, 11, 14, 2, 23, 26, 10, 6, 30, 19, 17, 8, 28, 21, 15, 1, 3, 22, 27, 9, 16, 20, 29, 7, 18, 31, 5, 4]
[13, 12, 24, 25, 11, 14, 2, 23, 26, 10, 15, 1, 3, 6, 30, 19, 17, 8, 28, 21, 4, 5, 31, 18, 7, 29, 20, 16, 9, 27, 22]
[13, 12, 24, 25, 11, 14, 2, 23, 26, 10, 15, 1, 3, 22, 27, 9, 16, 20, 29, 7, 18, 31, 5, 4, 21, 28, 8, 17, 19, 6, 30]
[13, 12, 24, 25, 11, 14, 2, 23, 26, 10, 15, 1, 3, 22, 27, 9, 16, 20, 29, 7, 18, 31, 5, 4, 21, 28, 8, 17, 19, 30, 6]
[13, 12, 24, 25, 11, 14, 2, 23, 26, 10, 15, 1, 8, 17, 19, 30, 6, 3, 22, 27, 9, 16, 20, 29, 7, 18, 31, 5, 4, 21, 28]
[13, 12, 24, 25, 11, 14, 2, 23, 26, 10, 15, 1, 8, 28, 21, 4, 5, 31, 18, 7, 29, 20, 16, 9, 27, 22, 3, 6, 30, 19, 17]
[13, 12, 24, 25, 11, 14, 22, 27, 9, 16, 20, 29, 7, 2, 23, 26, 10, 15, 1, 3, 6, 30, 19, 17, 8, 28, 21, 4, 5, 31, 18]
[13, 12, 24, 25, 11, 14, 22, 27, 9, 16, 20, 29, 7, 18, 31, 5, 4, 21, 28, 8, 17, 19, 30, 6, 3, 1, 15, 10, 26, 23, 2]
[13, 23, 2, 14, 11, 25, 24, 12, 4, 5, 31, 18, 7, 29, 20, 16, 9, 27, 22, 3, 1, 15, 21, 28, 8, 17, 19, 30, 6, 10, 26]
[13, 23, 2, 14, 22, 27, 9, 16, 20, 29, 7, 18, 31, 5, 11, 25, 24, 12, 4, 21, 28, 8, 17, 19, 30, 6, 3, 1, 15, 10, 26]
[13, 23, 26, 10, 6, 30, 19, 17, 8, 28, 21, 15, 1, 3, 22, 27, 9, 16, 20, 29, 7, 2, 14, 11, 25, 24, 12, 4, 5, 31, 18]
[13, 23, 26, 10, 6, 30, 19, 17, 8, 28, 21, 15, 1, 3, 22, 27, 9, 16, 20, 29, 7, 18, 31, 5, 4, 12, 24, 25, 11, 14, 2]
[13, 23, 26, 10, 15, 1, 3, 6, 30, 19, 17, 8, 28, 21, 4, 12, 24, 25, 11, 5, 31, 18, 7, 2, 14, 22, 27, 9, 16, 20, 29]
[13, 23, 26, 10, 15, 1, 3, 6, 30, 19, 17, 8, 28, 21, 4, 12, 24, 25, 11, 5, 31, 18, 7, 29, 20, 16, 9, 27, 22, 14, 2]
[14, 2, 7, 18, 31, 5, 11, 25, 24, 1, 15, 10, 26, 23, 13, 12, 4, 21, 28, 8, 17, 19, 30, 6, 3, 22, 27, 9, 16, 20, 29]
[14, 2, 7, 29, 20, 16, 9, 27, 22, 3, 6, 30, 19, 17, 8, 28, 21, 4, 12, 13, 23, 26, 10, 15, 1, 24, 25, 11, 5, 31, 18]
[14, 2, 23, 13, 12, 4, 21, 28, 8, 17, 19, 30, 6, 3, 22, 27, 9, 16, 20, 29, 7, 18, 31, 5, 11, 25, 24, 1, 15, 10, 26]
[14, 2, 23, 26, 10, 6, 30, 19, 17, 8, 28, 21, 4, 12, 13, 3, 22, 27, 9, 16, 20, 29, 7, 18, 31, 5, 11, 25, 24, 1, 15]
[14, 2, 23, 26, 10, 6, 30, 19, 17, 8, 28, 21, 15, 1, 24, 25, 11, 5, 4, 12, 13, 3, 22, 27, 9, 16, 20, 29, 7, 18, 31]
[14, 2, 23, 26, 10, 6, 30, 19, 17, 8, 28, 21, 15, 1, 24, 25, 11, 5, 31, 18, 7, 29, 20, 16, 9, 27, 22, 3, 13, 12, 4]
[14, 2, 23, 26, 10, 15, 1, 24, 25, 11, 5, 31, 18, 7, 29, 20, 16, 9, 27, 22, 3, 6, 30, 19, 17, 8, 28, 21, 4, 12, 13]
[14, 2, 23, 26, 10, 15, 1, 24, 25, 11, 5, 31, 18, 7, 29, 20, 16, 9, 27, 22, 3, 13, 12, 4, 21, 28, 8, 17, 19, 6, 30]
[14, 2, 23, 26, 10, 15, 1, 24, 25, 11, 5, 31, 18, 7, 29, 20, 16, 9, 27, 22, 3, 13, 12, 4, 21, 28, 8, 17, 19, 30, 6]
[14, 11, 25, 24, 1, 15, 21, 28, 8, 17, 19, 30, 6, 10, 26, 23, 2, 7, 18, 31, 5, 4, 12, 13, 3, 22, 27, 9, 16, 20, 29]
[14, 11, 25, 24, 1, 15, 21, 28, 8, 17, 19, 30, 6, 10, 26, 23, 2, 7, 29, 20, 16, 9, 27, 22, 3, 13, 12, 4, 5, 31, 18]
[15, 1, 3, 13, 12, 4, 21, 28, 8, 17, 19, 30, 6, 10, 26, 23, 2, 14, 22, 27, 9, 16, 20, 29, 7, 18, 31, 5, 11, 25, 24]
[15, 1, 3, 13, 12, 24, 25, 11, 5, 4, 21, 28, 8, 17, 19, 30, 6, 10, 26, 23, 2, 14, 22, 27, 9, 16, 20, 29, 7, 18, 31]
[15, 1, 3, 13, 12, 24, 25, 11, 5, 31, 18, 7, 29, 20, 16, 9, 27, 22, 14, 2, 23, 26, 10, 6, 30, 19, 17, 8, 28, 21, 4]
[15, 1, 3, 13, 12, 24, 25, 11, 14, 2, 23, 26, 10, 6, 30, 19, 17, 8, 28, 21, 4, 5, 31, 18, 7, 29, 20, 16, 9, 27, 22]
[15, 1, 3, 13, 12, 24, 25, 11, 14, 22, 27, 9, 16, 20, 29, 7, 2, 23, 26, 10, 6, 30, 19, 17, 8, 28, 21, 4, 5, 31, 18]
[15, 1, 3, 13, 12, 24, 25, 11, 14, 22, 27, 9, 16, 20, 29, 7, 18, 31, 5, 4, 21, 28, 8, 17, 19, 30, 6, 10, 26, 23, 2]
[15, 1, 3, 13, 23, 2, 14, 22, 27, 9, 16, 20, 29, 7, 18, 31, 5, 11, 25, 24, 12, 4, 21, 28, 8, 17, 19, 30, 6, 10, 26]
[15, 1, 3, 13, 23, 26, 10, 6, 30, 19, 17, 8, 28, 21, 4, 12, 24, 25, 11, 5, 31, 18, 7, 2, 14, 22, 27, 9, 16, 20, 29]
[15, 1, 3, 13, 23, 26, 10, 6, 30, 19, 17, 8, 28, 21, 4, 12, 24, 25, 11, 5, 31, 18, 7, 29, 20, 16, 9, 27, 22, 14, 2]
[15, 1, 3, 22, 27, 9, 16, 20, 29, 7, 2, 14, 11, 25, 24, 12, 13, 23, 26, 10, 6, 30, 19, 17, 8, 28, 21, 4, 5, 31, 18]
[15, 1, 3, 22, 27, 9, 16, 20, 29, 7, 18, 31, 5, 4, 21, 28, 8, 17, 19, 30, 6, 10, 26, 23, 2, 14, 11, 25, 24, 12, 13]
[15, 1, 3, 22, 27, 9, 16, 20, 29, 7, 18, 31, 5, 4, 21, 28, 8, 17, 19, 30, 6, 10, 26, 23, 13, 12, 24, 25, 11, 14, 2]
[15, 1, 8, 17, 19, 30, 6, 10, 26, 23, 2, 14, 11, 25, 24, 12, 13, 3, 22, 27, 9, 16, 20, 29, 7, 18, 31, 5, 4, 21, 28]
[15, 1, 8, 28, 21, 4, 5, 31, 18, 7, 29, 20, 16, 9, 27, 22, 3, 13, 12, 24, 25, 11, 14, 2, 23, 26, 10, 6, 30, 19, 17]
[15, 1, 24, 12, 13, 3, 22, 27, 9, 16, 20, 29, 7, 18, 31, 5, 4, 21, 28, 8, 17, 19, 30, 6, 10, 26, 23, 2, 14, 11, 25]
[15, 1, 24, 25, 11, 5, 31, 18, 7, 29, 20, 16, 9, 27, 22, 3, 13, 12, 4, 21, 28, 8, 17, 19, 30, 6, 10, 26, 23, 2, 14]
[15, 1, 24, 25, 11, 5, 31, 18, 7, 29, 20, 16, 9, 27, 22, 14, 2, 23, 26, 10, 6, 3, 13, 12, 4, 21, 28, 8, 17, 19, 30]
[15, 1, 24, 25, 11, 5, 31, 18, 7, 29, 20, 16, 9, 27, 22, 14, 2, 23, 26, 10, 6, 30, 19, 17, 8, 28, 21, 4, 12, 13, 3]
[15, 1, 24, 25, 11, 14, 2, 23, 26, 10, 6, 30, 19, 17, 8, 28, 21, 4, 5, 31, 18, 7, 29, 20, 16, 9, 27, 22, 3, 13, 12]
[15, 1, 24, 25, 11, 14, 2, 23, 26, 10, 6, 30, 19, 17, 8, 28, 21, 4, 12, 13, 3, 22, 27, 9, 16, 20, 5, 31, 18, 7, 29]
[15, 1, 24, 25, 11, 14, 2, 23, 26, 10, 6, 30, 19, 17, 8, 28, 21, 4, 12, 13, 3, 22, 27, 9, 16, 20, 29, 7, 18, 31, 5]
[15, 10, 6, 30, 19, 17, 8, 28, 21, 4, 12, 13, 3, 1, 24, 25, 11, 5, 31, 18, 7, 29, 20, 16, 9, 27, 22, 14, 2, 23, 26]
[15, 10, 26, 23, 2, 14, 22, 27, 9, 16, 20, 29, 7, 18, 31, 5, 11, 25, 24, 1, 3, 6, 30, 19, 17, 8, 28, 21, 4, 12, 13]
[15, 10, 26, 23, 2, 14, 22, 27, 9, 16, 20, 29, 7, 18, 31, 5, 11, 25, 24, 1, 3, 13, 12, 4, 21, 28, 8, 17, 19, 6, 30]
[15, 10, 26, 23, 2, 14, 22, 27, 9, 16, 20, 29, 7, 18, 31, 5, 11, 25, 24, 1, 3, 13, 12, 4, 21, 28, 8, 17, 19, 30, 6]
[15, 10, 26, 23, 2, 14, 22, 27, 9, 16, 20, 29, 7, 18, 31, 5, 11, 25, 24, 1, 8, 17, 19, 30, 6, 3, 13, 12, 4, 21, 28]
[15, 10, 26, 23, 2, 14, 22, 27, 9, 16, 20, 29, 7, 18, 31, 5, 11, 25, 24, 1, 8, 28, 21, 4, 12, 13, 3, 6, 30, 19, 17]
[15, 10, 26, 23, 13, 12, 4, 21, 28, 8, 17, 19, 30, 6, 3, 1, 24, 25, 11, 5, 31, 18, 7, 2, 14, 22, 27, 9, 16, 20, 29]
[15, 10, 26, 23, 13, 12, 4, 21, 28, 8, 17, 19, 30, 6, 3, 1, 24, 25, 11, 5, 31, 18, 7, 29, 20, 16, 9, 27, 22, 14, 2]
[15, 21, 4, 12, 13, 3, 1, 24, 25, 11, 5, 31, 18, 7, 29, 20, 16, 9, 27, 22, 14, 2, 23, 26, 10, 6, 30, 19, 17, 8, 28]
[15, 21, 28, 8, 17, 19, 30, 6, 10, 26, 23, 2, 7, 18, 31, 5, 4, 12, 13, 3, 1, 24, 25, 11, 14, 22, 27, 9, 16, 20, 29]
[15, 21, 28, 8, 17, 19, 30, 6, 10, 26, 23, 2, 7, 29, 20, 16, 9, 27, 22, 14, 11, 25, 24, 1, 3, 13, 12, 4, 5, 31, 18]
[15, 21, 28, 8, 17, 19, 30, 6, 10, 26, 23, 2, 14, 11, 25, 24, 1, 3, 13, 12, 4, 5, 31, 18, 7, 29, 20, 16, 9, 27, 22]
[15, 21, 28, 8, 17, 19, 30, 6, 10, 26, 23, 2, 14, 11, 25, 24, 1, 3, 22, 27, 9, 16, 20, 29, 7, 18, 31, 5, 4, 12, 13]
[15, 21, 28, 8, 17, 19, 30, 6, 10, 26, 23, 2, 14, 22, 27, 9, 16, 20, 29, 7, 18, 31, 5, 4, 12, 13, 3, 1, 24, 25, 11]
[15, 21, 28, 8, 17, 19, 30, 6, 10, 26, 23, 2, 14, 22, 27, 9, 16, 20, 29, 7, 18, 31, 5, 11, 25, 24, 1, 3, 13, 12, 4]
[15, 21, 28, 8, 17, 19, 30, 6, 10, 26, 23, 13, 12, 4, 5, 31, 18, 7, 2, 14, 11, 25, 24, 1, 3, 22, 27, 9, 16, 20, 29]
[15, 21, 28, 8, 17, 19, 30, 6, 10, 26, 23, 13, 12, 4, 5, 31, 18, 7, 29, 20, 16, 9, 27, 22, 3, 1, 24, 25, 11, 14, 2]
[16, 9, 27, 22, 3, 6, 30, 19, 17, 8, 28, 21, 4, 12, 13, 23, 26, 10, 15, 1, 24, 25, 11, 14, 2, 7, 18, 31, 5, 20, 29]
[16, 9, 27, 22, 3, 6, 30, 19, 17, 8, 28, 21, 4, 12, 13, 23, 26, 10, 15, 1, 24, 25, 11, 14, 2, 7, 29, 20, 5, 31, 18]
[17, 19, 30, 6, 3, 13, 12, 4, 5, 11, 25, 24, 1, 8, 28, 21, 15, 10, 26, 23, 2, 14, 22, 27, 9, 16, 20, 29, 7, 18, 31]
[17, 19, 30, 6, 3, 13, 12, 4, 5, 31, 18, 7, 2, 23, 26, 10, 15, 21, 28, 8, 1, 24, 25, 11, 14, 22, 27, 9, 16, 20, 29]
[17, 19, 30, 6, 3, 13, 12, 4, 5, 31, 18, 7, 29, 20, 16, 9, 27, 22, 14, 2, 23, 26, 10, 15, 21, 28, 8, 1, 24, 25, 11]
[17, 19, 30, 6, 3, 13, 12, 4, 5, 31, 18, 7, 29, 20, 16, 9, 27, 22, 14, 11, 25, 24, 1, 8, 28, 21, 15, 10, 26, 23, 2]
[17, 19, 30, 6, 3, 13, 12, 4, 21, 15, 10, 26, 23, 2, 14, 22, 27, 9, 16, 20, 29, 7, 18, 31, 5, 11, 25, 24, 1, 8, 28]
[17, 19, 30, 6, 3, 13, 12, 4, 21, 28, 8, 1, 15, 10, 26, 23, 2, 14, 22, 27, 9, 16, 20, 29, 7, 18, 31, 5, 11, 25, 24]
[17, 19, 30, 6, 3, 13, 12, 4, 21, 28, 8, 1, 24, 25, 11, 5, 31, 18, 7, 29, 20, 16, 9, 27, 22, 14, 2, 23, 26, 10, 15]
[17, 19, 30, 6, 3, 13, 12, 24, 25, 11, 5, 4, 21, 28, 8, 1, 15, 10, 26, 23, 2, 14, 22, 27, 9, 16, 20, 29, 7, 18, 31]
[17, 19, 30, 6, 3, 13, 12, 24, 25, 11, 5, 31, 18, 7, 29, 20, 16, 9, 27, 22, 14, 2, 23, 26, 10, 15, 1, 8, 28, 21, 4]
[17, 19, 30, 6, 3, 13, 12, 24, 25, 11, 14, 2, 23, 26, 10, 15, 1, 8, 28, 21, 4, 5, 31, 18, 7, 29, 20, 16, 9, 27, 22]
[17, 19, 30, 6, 3, 13, 12, 24, 25, 11, 14, 22, 27, 9, 16, 20, 29, 7, 2, 23, 26, 10, 15, 1, 8, 28, 21, 4, 5, 31, 18]
[17, 19, 30, 6, 3, 13, 12, 24, 25, 11, 14, 22, 27, 9, 16, 20, 29, 7, 18, 31, 5, 4, 21, 28, 8, 1, 15, 10, 26, 23, 2]
[17, 19, 30, 6, 3, 13, 23, 2, 14, 22, 27, 9, 16, 20, 29, 7, 18, 31, 5, 11, 25, 24, 12, 4, 21, 28, 8, 1, 15, 10, 26]
[17, 19, 30, 6, 3, 13, 23, 26, 10, 15, 1, 8, 28, 21, 4, 12, 24, 25, 11, 5, 31, 18, 7, 2, 14, 22, 27, 9, 16, 20, 29]
[17, 19, 30, 6, 3, 13, 23, 26, 10, 15, 1, 8, 28, 21, 4, 12, 24, 25, 11, 5, 31, 18, 7, 29, 20, 16, 9, 27, 22, 14, 2]
[17, 19, 30, 6, 3, 22, 27, 9, 16, 20, 29, 7, 2, 14, 11, 25, 24, 1, 8, 28, 21, 15, 10, 26, 23, 13, 12, 4, 5, 31, 18]
[17, 19, 30, 6, 3, 22, 27, 9, 16, 20, 29, 7, 2, 14, 11, 25, 24, 12, 13, 23, 26, 10, 15, 1, 8, 28, 21, 4, 5, 31, 18]
[17, 19, 30, 6, 3, 22, 27, 9, 16, 20, 29, 7, 18, 31, 5, 4, 12, 13, 23, 2, 14, 11, 25, 24, 1, 8, 28, 21, 15, 10, 26]
[17, 19, 30, 6, 3, 22, 27, 9, 16, 20, 29, 7, 18, 31, 5, 4, 12, 13, 23, 26, 10, 15, 21, 28, 8, 1, 24, 25, 11, 14, 2]
[17, 19, 30, 6, 3, 22, 27, 9, 16, 20, 29, 7, 18, 31, 5, 4, 21, 28, 8, 1, 15, 10, 26, 23, 2, 14, 11, 25, 24, 12, 13]
[17, 19, 30, 6, 3, 22, 27, 9, 16, 20, 29, 7, 18, 31, 5, 4, 21, 28, 8, 1, 15, 10, 26, 23, 13, 12, 24, 25, 11, 14, 2]
[17, 19, 30, 6, 10, 15, 1, 8, 28, 21, 4, 5, 31, 18, 7, 29, 20, 16, 9, 27, 22, 3, 13, 12, 24, 25, 11, 14, 2, 23, 26]
[17, 19, 30, 6, 10, 26, 23, 2, 14, 11, 25, 24, 12, 13, 3, 22, 27, 9, 16, 20, 29, 7, 18, 31, 5, 4, 21, 15, 1, 8, 28]
[17, 19, 30, 6, 10, 26, 23, 2, 14, 11, 25, 24, 12, 13, 3, 22, 27, 9, 16, 20, 29, 7, 18, 31, 5, 4, 21, 28, 8, 1, 15]
[18, 31, 5, 4, 12, 13, 3, 1, 15, 21, 28, 8, 17, 19, 30, 6, 10, 26, 23, 2, 7, 29, 20, 16, 9, 27, 22, 14, 11, 25, 24]
[18, 31, 5, 4, 12, 13, 3, 1, 24, 25, 11, 14, 22, 27, 9, 16, 20, 29, 7, 2, 23, 26, 10, 6, 30, 19, 17, 8, 28, 21, 15]
[18, 31, 5, 4, 12, 13, 3, 1, 24, 25, 11, 14, 22, 27, 9, 16, 20, 29, 7, 2, 23, 26, 10, 15, 21, 28, 8, 17, 19, 6, 30]
[18, 31, 5, 4, 12, 13, 3, 1, 24, 25, 11, 14, 22, 27, 9, 16, 20, 29, 7, 2, 23, 26, 10, 15, 21, 28, 8, 17, 19, 30, 6]
[18, 31, 5, 4, 12, 13, 3, 6, 10, 26, 23, 2, 7, 29, 20, 16, 9, 27, 22, 14, 11, 25, 24, 1, 15, 21, 28, 8, 17, 19, 30]
[18, 31, 5, 4, 12, 13, 3, 6, 30, 19, 17, 8, 1, 24, 25, 11, 14, 22, 27, 9, 16, 20, 29, 7, 2, 23, 26, 10, 15, 21, 28]
[18, 31, 5, 4, 12, 13, 3, 6, 30, 19, 17, 8, 28, 21, 15, 1, 24, 25, 11, 14, 22, 27, 9, 16, 20, 29, 7, 2, 23, 26, 10]
[18, 31, 5, 4, 12, 13, 3, 6, 30, 19, 17, 8, 28, 21, 15, 10, 26, 23, 2, 7, 29, 20, 16, 9, 27, 22, 14, 11, 25, 24, 1]
[18, 31, 5, 4, 12, 13, 3, 22, 14, 11, 25, 24, 1, 15, 21, 28, 8, 17, 19, 30, 6, 10, 26, 23, 2, 7, 29, 20, 16, 9, 27]
[18, 31, 5, 4, 12, 13, 3, 22, 27, 9, 16, 20, 29, 7, 2, 14, 11, 25, 24, 1, 15, 21, 28, 8, 17, 19, 30, 6, 10, 26, 23]
[18, 31, 5, 4, 12, 13, 3, 22, 27, 9, 16, 20, 29, 7, 2, 23, 26, 10, 6, 30, 19, 17, 8, 28, 21, 15, 1, 24, 25, 11, 14]
[18, 31, 5, 4, 12, 13, 23, 2, 7, 29, 20, 16, 9, 27, 22, 14, 11, 25, 24, 1, 3, 6, 30, 19, 17, 8, 28, 21, 15, 10, 26]
[18, 31, 5, 4, 12, 13, 23, 26, 10, 6, 3, 22, 27, 9, 16, 20, 29, 7, 2, 14, 11, 25, 24, 1, 15, 21, 28, 8, 17, 19, 30]
[18, 31, 5, 4, 12, 13, 23, 26, 10, 6, 30, 19, 17, 8, 28, 21, 15, 1, 3, 22, 27, 9, 16, 20, 29, 7, 2, 14, 11, 25, 24]
[18, 31, 5, 4, 12, 13, 23, 26, 10, 6, 30, 19, 17, 8, 28, 21, 15, 1, 24, 25, 11, 14, 2, 7, 29, 20, 16, 9, 27, 22, 3]
[18, 31, 5, 4, 12, 13, 23, 26, 10, 15, 1, 24, 25, 11, 14, 2, 7, 29, 20, 16, 9, 27, 22, 3, 6, 30, 19, 17, 8, 28, 21]
[18, 31, 5, 4, 12, 13, 23, 26, 10, 15, 21, 28, 8, 1, 24, 25, 11, 14, 2, 7, 29, 20, 16, 9, 27, 22, 3, 6, 30, 19, 17]
[18, 31, 5, 4, 12, 13, 23, 26, 10, 15, 21, 28, 8, 17, 19, 30, 6, 3, 1, 24, 25, 11, 14, 2, 7, 29, 20, 16, 9, 27, 22]
[18, 31, 5, 4, 12, 13, 23, 26, 10, 15, 21, 28, 8, 17, 19, 30, 6, 3, 1, 24, 25, 11, 14, 22, 27, 9, 16, 20, 29, 7, 2]
[18, 31, 5, 4, 12, 13, 23, 26, 10, 15, 21, 28, 8, 17, 19, 30, 6, 3, 22, 27, 9, 16, 20, 29, 7, 2, 14, 11, 25, 24, 1]
[18, 31, 5, 4, 12, 24, 1, 15, 21, 28, 8, 17, 19, 30, 6, 10, 26, 23, 13, 3, 22, 27, 9, 16, 20, 29, 7, 2, 14, 11, 25]
[18, 31, 5, 4, 12, 24, 25, 11, 14, 2, 7, 29, 20, 16, 9, 27, 22, 3, 1, 15, 21, 28, 8, 17, 19, 30, 6, 10, 26, 23, 13]
[18, 31, 5, 4, 12, 24, 25, 11, 14, 2, 7, 29, 20, 16, 9, 27, 22, 3, 13, 23, 26, 10, 6, 30, 19, 17, 8, 1, 15, 21, 28]
[18, 31, 5, 4, 12, 24, 25, 11, 14, 2, 7, 29, 20, 16, 9, 27, 22, 3, 13, 23, 26, 10, 6, 30, 19, 17, 8, 28, 21, 15, 1]
[18, 31, 5, 4, 12, 24, 25, 11, 14, 22, 27, 9, 16, 20, 29, 7, 2, 23, 13, 3, 1, 15, 21, 28, 8, 17, 19, 30, 6, 10, 26]
[18, 31, 5, 4, 12, 24, 25, 11, 14, 22, 27, 9, 16, 20, 29, 7, 2, 23, 26, 10, 6, 30, 19, 17, 8, 28, 21, 15, 1, 3, 13]
[18, 31, 5, 4, 21, 15, 1, 3, 13, 12, 24, 25, 11, 14, 22, 27, 9, 16, 20, 29, 7, 2, 23, 26, 10, 6, 30, 19, 17, 8, 28]
[18, 31, 5, 4, 21, 15, 1, 3, 22, 27, 9, 16, 20, 29, 7, 2, 14, 11, 25, 24, 12, 13, 23, 26, 10, 6, 30, 19, 17, 8, 28]
[18, 31, 5, 4, 21, 28, 8, 1, 15, 10, 26, 23, 2, 7, 29, 20, 16, 9, 27, 22, 14, 11, 25, 24, 12, 13, 3, 6, 30, 19, 17]
[18, 31, 5, 4, 21, 28, 8, 1, 15, 10, 26, 23, 13, 12, 24, 25, 11, 14, 2, 7, 29, 20, 16, 9, 27, 22, 3, 6, 30, 19, 17]
[18, 31, 5, 4, 21, 28, 8, 17, 19, 30, 6, 3, 1, 15, 10, 26, 23, 2, 7, 29, 20, 16, 9, 27, 22, 14, 11, 25, 24, 12, 13]
[18, 31, 5, 4, 21, 28, 8, 17, 19, 30, 6, 3, 1, 15, 10, 26, 23, 13, 12, 24, 25, 11, 14, 2, 7, 29, 20, 16, 9, 27, 22]
[18, 31, 5, 4, 21, 28, 8, 17, 19, 30, 6, 3, 1, 15, 10, 26, 23, 13, 12, 24, 25, 11, 14, 22, 27, 9, 16, 20, 29, 7, 2]
[18, 31, 5, 4, 21, 28, 8, 17, 19, 30, 6, 3, 13, 12, 24, 1, 15, 10, 26, 23, 2, 7, 29, 20, 16, 9, 27, 22, 14, 11, 25]
[18, 31, 5, 4, 21, 28, 8, 17, 19, 30, 6, 3, 13, 12, 24, 25, 11, 14, 22, 27, 9, 16, 20, 29, 7, 2, 23, 26, 10, 15, 1]
[18, 31, 5, 4, 21, 28, 8, 17, 19, 30, 6, 3, 22, 27, 9, 16, 20, 29, 7, 2, 14, 11, 25, 24, 1, 15, 10, 26, 23, 13, 12]
[18, 31, 5, 4, 21, 28, 8, 17, 19, 30, 6, 3, 22, 27, 9, 16, 20, 29, 7, 2, 14, 11, 25, 24, 12, 13, 23, 26, 10, 15, 1]
[18, 31, 5, 4, 21, 28, 8, 17, 19, 30, 6, 10, 15, 1, 3, 13, 12, 24, 25, 11, 14, 22, 27, 9, 16, 20, 29, 7, 2, 23, 26]
[18, 31, 5, 4, 21, 28, 8, 17, 19, 30, 6, 10, 15, 1, 3, 22, 27, 9, 16, 20, 29, 7, 2, 14, 11, 25, 24, 12, 13, 23, 26]
[18, 31, 5, 4, 21, 28, 8, 17, 19, 30, 6, 10, 26, 23, 2, 7, 29, 20, 16, 9, 27, 22, 14, 11, 25, 24, 12, 13, 3, 1, 15]
[18, 31, 5, 4, 21, 28, 8, 17, 19, 30, 6, 10, 26, 23, 13, 12, 24, 25, 11, 14, 2, 7, 29, 20, 16, 9, 27, 22, 3, 1, 15]
[18, 31, 5, 11, 14, 2, 7, 29, 20, 16, 9, 27, 22, 3, 6, 30, 19, 17, 8, 28, 21, 4, 12, 13, 23, 26, 10, 15, 1, 24, 25]
[18, 31, 5, 11, 25, 24, 1, 15, 10, 26, 23, 13, 12, 4, 21, 28, 8, 17, 19, 30, 6, 3, 22, 14, 2, 7, 29, 20, 16, 9, 27]
[18, 31, 5, 11, 25, 24, 1, 15, 10, 26, 23, 13, 12, 4, 21, 28, 8, 17, 19, 30, 6, 3, 22, 27, 9, 16, 20, 29, 7, 2, 14]
[18, 31, 5, 20, 16, 9, 27, 22, 3, 6, 30, 19, 17, 8, 28, 21, 4, 12, 13, 23, 26, 10, 15, 1, 24, 25, 11, 14, 2, 7, 29]
[18, 31, 5, 20, 29, 7, 2, 14, 11, 25, 24, 1, 15, 10, 26, 23, 13, 12, 4, 21, 28, 8, 17, 19, 30, 6, 3, 22, 27, 9, 16]
[21, 28, 8, 17, 19, 30, 6, 3, 13, 12, 4, 5, 11, 25, 24, 1, 15, 10, 26, 23, 2, 14, 22, 27, 9, 16, 20, 29, 7, 18, 31]
[21, 28, 8, 17, 19, 30, 6, 3, 13, 12, 4, 5, 31, 18, 7, 2, 23, 26, 10, 15, 1, 24, 25, 11, 14, 22, 27, 9, 16, 20, 29]
[21, 28, 8, 17, 19, 30, 6, 3, 13, 12, 4, 5, 31, 18, 7, 29, 20, 16, 9, 27, 22, 14, 2, 23, 26, 10, 15, 1, 24, 25, 11]
[21, 28, 8, 17, 19, 30, 6, 3, 13, 12, 4, 5, 31, 18, 7, 29, 20, 16, 9, 27, 22, 14, 11, 25, 24, 1, 15, 10, 26, 23, 2]
[21, 28, 8, 17, 19, 30, 6, 3, 22, 27, 9, 16, 20, 29, 7, 2, 14, 11, 25, 24, 1, 15, 10, 26, 23, 13, 12, 4, 5, 31, 18]
[21, 28, 8, 17, 19, 30, 6, 3, 22, 27, 9, 16, 20, 29, 7, 18, 31, 5, 4, 12, 13, 23, 2, 14, 11, 25, 24, 1, 15, 10, 26]
[21, 28, 8, 17, 19, 30, 6, 3, 22, 27, 9, 16, 20, 29, 7, 18, 31, 5, 4, 12, 13, 23, 26, 10, 15, 1, 24, 25, 11, 14, 2]
[22, 27, 9, 16, 20, 29, 7, 2, 14, 11, 25, 24, 1, 3, 6, 30, 19, 17, 8, 28, 21, 15, 10, 26, 23, 13, 12, 4, 5, 31, 18]
[22, 27, 9, 16, 20, 29, 7, 2, 14, 11, 25, 24, 12, 13, 23, 26, 10, 15, 1, 3, 6, 30, 19, 17, 8, 28, 21, 4, 5, 31, 18]
[22, 27, 9, 16, 20, 29, 7, 18, 31, 5, 4, 12, 13, 3, 1, 15, 21, 28, 8, 17, 19, 30, 6, 10, 26, 23, 2, 14, 11, 25, 24]
[22, 27, 9, 16, 20, 29, 7, 18, 31, 5, 4, 12, 13, 3, 1, 24, 25, 11, 14, 2, 23, 26, 10, 6, 30, 19, 17, 8, 28, 21, 15]
[22, 27, 9, 16, 20, 29, 7, 18, 31, 5, 4, 12, 13, 3, 1, 24, 25, 11, 14, 2, 23, 26, 10, 15, 21, 28, 8, 17, 19, 6, 30]
[22, 27, 9, 16, 20, 29, 7, 18, 31, 5, 4, 12, 13, 3, 1, 24, 25, 11, 14, 2, 23, 26, 10, 15, 21, 28, 8, 17, 19, 30, 6]
[22, 27, 9, 16, 20, 29, 7, 18, 31, 5, 4, 12, 13, 3, 6, 10, 26, 23, 2, 14, 11, 25, 24, 1, 15, 21, 28, 8, 17, 19, 30]
[22, 27, 9, 16, 20, 29, 7, 18, 31, 5, 4, 12, 13, 3, 6, 30, 19, 17, 8, 1, 24, 25, 11, 14, 2, 23, 26, 10, 15, 21, 28]
[22, 27, 9, 16, 20, 29, 7, 18, 31, 5, 4, 12, 13, 3, 6, 30, 19, 17, 8, 28, 21, 15, 1, 24, 25, 11, 14, 2, 23, 26, 10]
[22, 27, 9, 16, 20, 29, 7, 18, 31, 5, 4, 12, 13, 3, 6, 30, 19, 17, 8, 28, 21, 15, 10, 26, 23, 2, 14, 11, 25, 24, 1]
[22, 27, 9, 16, 20, 29, 7, 18, 31, 5, 4, 12, 13, 23, 2, 14, 11, 25, 24, 1, 3, 6, 30, 19, 17, 8, 28, 21, 15, 10, 26]
[22, 27, 9, 16, 20, 29, 7, 18, 31, 5, 4, 12, 13, 23, 26, 10, 15, 21, 28, 8, 17, 19, 30, 6, 3, 1, 24, 25, 11, 14, 2]
[22, 27, 9, 16, 20, 29, 7, 18, 31, 5, 4, 12, 24, 25, 11, 14, 2, 23, 13, 3, 1, 15, 21, 28, 8, 17, 19, 30, 6, 10, 26]
[22, 27, 9, 16, 20, 29, 7, 18, 31, 5, 4, 12, 24, 25, 11, 14, 2, 23, 26, 10, 6, 30, 19, 17, 8, 28, 21, 15, 1, 3, 13]
[22, 27, 9, 16, 20, 29, 7, 18, 31, 5, 4, 21, 15, 1, 3, 13, 12, 24, 25, 11, 14, 2, 23, 26, 10, 6, 30, 19, 17, 8, 28]
[22, 27, 9, 16, 20, 29, 7, 18, 31, 5, 4, 21, 28, 8, 1, 15, 10, 26, 23, 2, 14, 11, 25, 24, 12, 13, 3, 6, 30, 19, 17]
[22, 27, 9, 16, 20, 29, 7, 18, 31, 5, 4, 21, 28, 8, 17, 19, 30, 6, 3, 1, 15, 10, 26, 23, 2, 14, 11, 25, 24, 12, 13]
[22, 27, 9, 16, 20, 29, 7, 18, 31, 5, 4, 21, 28, 8, 17, 19, 30, 6, 3, 1, 15, 10, 26, 23, 13, 12, 24, 25, 11, 14, 2]
[22, 27, 9, 16, 20, 29, 7, 18, 31, 5, 4, 21, 28, 8, 17, 19, 30, 6, 3, 13, 12, 24, 1, 15, 10, 26, 23, 2, 14, 11, 25]
[22, 27, 9, 16, 20, 29, 7, 18, 31, 5, 4, 21, 28, 8, 17, 19, 30, 6, 3, 13, 12, 24, 25, 11, 14, 2, 23, 26, 10, 15, 1]
[22, 27, 9, 16, 20, 29, 7, 18, 31, 5, 4, 21, 28, 8, 17, 19, 30, 6, 10, 15, 1, 3, 13, 12, 24, 25, 11, 14, 2, 23, 26]
[22, 27, 9, 16, 20, 29, 7, 18, 31, 5, 4, 21, 28, 8, 17, 19, 30, 6, 10, 26, 23, 2, 14, 11, 25, 24, 12, 13, 3, 1, 15]
[23, 26, 10, 6, 30, 19, 17, 8, 28, 21, 15, 1, 24, 25, 11, 14, 2, 7, 18, 31, 5, 4, 12, 13, 3, 22, 27, 9, 16, 20, 29]
[23, 26, 10, 6, 30, 19, 17, 8, 28, 21, 15, 1, 24, 25, 11, 14, 2, 7, 29, 20, 16, 9, 27, 22, 3, 13, 12, 4, 5, 31, 18]
[24, 25, 11, 5, 4, 12, 13, 3, 1, 15, 21, 28, 8, 17, 19, 30, 6, 10, 26, 23, 2, 14, 22, 27, 9, 16, 20, 29, 7, 18, 31]
[24, 25, 11, 5, 31, 18, 7, 29, 20, 16, 9, 27, 22, 14, 2, 23, 13, 12, 4, 21, 28, 8, 17, 19, 30, 6, 3, 1, 15, 10, 26]
[24, 25, 11, 5, 31, 18, 7, 29, 20, 16, 9, 27, 22, 14, 2, 23, 26, 10, 6, 30, 19, 17, 8, 28, 21, 4, 12, 13, 3, 1, 15]
[24, 25, 11, 5, 31, 18, 7, 29, 20, 16, 9, 27, 22, 14, 2, 23, 26, 10, 6, 30, 19, 17, 8, 28, 21, 15, 1, 3, 13, 12, 4]
[24, 25, 11, 5, 31, 18, 7, 29, 20, 16, 9, 27, 22, 14, 2, 23, 26, 10, 15, 1, 3, 6, 30, 19, 17, 8, 28, 21, 4, 12, 13]
[24, 25, 11, 5, 31, 18, 7, 29, 20, 16, 9, 27, 22, 14, 2, 23, 26, 10, 15, 1, 3, 13, 12, 4, 21, 28, 8, 17, 19, 6, 30]
[24, 25, 11, 5, 31, 18, 7, 29, 20, 16, 9, 27, 22, 14, 2, 23, 26, 10, 15, 1, 3, 13, 12, 4, 21, 28, 8, 17, 19, 30, 6]
[24, 25, 11, 5, 31, 18, 7, 29, 20, 16, 9, 27, 22, 14, 2, 23, 26, 10, 15, 1, 8, 17, 19, 30, 6, 3, 13, 12, 4, 21, 28]
[24, 25, 11, 5, 31, 18, 7, 29, 20, 16, 9, 27, 22, 14, 2, 23, 26, 10, 15, 1, 8, 28, 21, 4, 12, 13, 3, 6, 30, 19, 17]
[24, 25, 11, 14, 2, 7, 18, 31, 5, 4, 12, 13, 23, 26, 10, 6, 30, 19, 17, 8, 28, 21, 15, 1, 3, 22, 27, 9, 16, 20, 29]
[24, 25, 11, 14, 2, 7, 29, 20, 16, 9, 27, 22, 3, 1, 15, 21, 28, 8, 17, 19, 30, 6, 10, 26, 23, 13, 12, 4, 5, 31, 18]
[24, 25, 11, 14, 2, 23, 13, 12, 4, 5, 31, 18, 7, 29, 20, 16, 9, 27, 22, 3, 1, 15, 21, 28, 8, 17, 19, 30, 6, 10, 26]
[24, 25, 11, 14, 2, 23, 26, 10, 6, 30, 19, 17, 8, 28, 21, 15, 1, 3, 13, 12, 4, 5, 31, 18, 7, 29, 20, 16, 9, 27, 22]
[24, 25, 11, 14, 2, 23, 26, 10, 6, 30, 19, 17, 8, 28, 21, 15, 1, 3, 22, 27, 9, 16, 20, 29, 7, 18, 31, 5, 4, 12, 13]
[24, 25, 11, 14, 22, 27, 9, 16, 20, 29, 7, 2, 23, 26, 10, 6, 30, 19, 17, 8, 28, 21, 15, 1, 3, 13, 12, 4, 5, 31, 18]
[24, 25, 11, 14, 22, 27, 9, 16, 20, 29, 7, 18, 31, 5, 4, 12, 13, 3, 1, 15, 21, 28, 8, 17, 19, 30, 6, 10, 26, 23, 2]
[25, 11, 5, 4, 21, 28, 8, 17, 19, 30, 6, 3, 13, 12, 24, 1, 15, 10, 26, 23, 2, 14, 22, 27, 9, 16, 20, 29, 7, 18, 31]
[25, 11, 5, 31, 18, 7, 29, 20, 16, 9, 27, 22, 14, 2, 23, 13, 3, 6, 30, 19, 17, 8, 28, 21, 4, 12, 24, 1, 15, 10, 26]
[25, 11, 5, 31, 18, 7, 29, 20, 16, 9, 27, 22, 14, 2, 23, 26, 10, 15, 1, 24, 12, 4, 21, 28, 8, 17, 19, 30, 6, 3, 13]
[25, 11, 5, 31, 18, 7, 29, 20, 16, 9, 27, 22, 14, 2, 23, 26, 10, 15, 1, 24, 12, 13, 3, 6, 30, 19, 17, 8, 28, 21, 4]
[25, 11, 14, 2, 7, 18, 31, 5, 4, 12, 24, 1, 15, 21, 28, 8, 17, 19, 30, 6, 10, 26, 23, 13, 3, 22, 27, 9, 16, 20, 29]
[25, 11, 14, 2, 7, 29, 20, 16, 9, 27, 22, 3, 13, 23, 26, 10, 6, 30, 19, 17, 8, 28, 21, 15, 1, 24, 12, 4, 5, 31, 18]
[25, 11, 14, 2, 23, 13, 3, 22, 27, 9, 16, 20, 29, 7, 18, 31, 5, 4, 12, 24, 1, 15, 21, 28, 8, 17, 19, 30, 6, 10, 26]
[25, 11, 14, 2, 23, 26, 10, 6, 30, 19, 17, 8, 28, 21, 4, 5, 31, 18, 7, 29, 20, 16, 9, 27, 22, 3, 13, 12, 24, 1, 15]
[25, 11, 14, 2, 23, 26, 10, 6, 30, 19, 17, 8, 28, 21, 15, 1, 24, 12, 4, 5, 31, 18, 7, 29, 20, 16, 9, 27, 22, 3, 13]
[25, 11, 14, 2, 23, 26, 10, 6, 30, 19, 17, 8, 28, 21, 15, 1, 24, 12, 13, 3, 22, 27, 9, 16, 20, 29, 7, 18, 31, 5, 4]
[25, 11, 14, 2, 23, 26, 10, 15, 1, 24, 12, 13, 3, 6, 30, 19, 17, 8, 28, 21, 4, 5, 31, 18, 7, 29, 20, 16, 9, 27, 22]
[25, 11, 14, 2, 23, 26, 10, 15, 1, 24, 12, 13, 3, 22, 27, 9, 16, 20, 29, 7, 18, 31, 5, 4, 21, 28, 8, 17, 19, 6, 30]
[25, 11, 14, 2, 23, 26, 10, 15, 1, 24, 12, 13, 3, 22, 27, 9, 16, 20, 29, 7, 18, 31, 5, 4, 21, 28, 8, 17, 19, 30, 6]
[25, 11, 14, 22, 27, 9, 16, 20, 29, 7, 2, 23, 26, 10, 15, 1, 24, 12, 13, 3, 6, 30, 19, 17, 8, 28, 21, 4, 5, 31, 18]
[25, 11, 14, 22, 27, 9, 16, 20, 29, 7, 18, 31, 5, 4, 21, 28, 8, 17, 19, 30, 6, 3, 13, 12, 24, 1, 15, 10, 26, 23, 2]
[25, 24, 1, 15, 10, 6, 30, 19, 17, 8, 28, 21, 4, 12, 13, 3, 22, 27, 9, 16, 20, 29, 7, 18, 31, 5, 11, 14, 2, 23, 26]
[25, 24, 1, 15, 10, 26, 23, 2, 14, 11, 5, 31, 18, 7, 29, 20, 16, 9, 27, 22, 3, 6, 30, 19, 17, 8, 28, 21, 4, 12, 13]
[25, 24, 1, 15, 10, 26, 23, 2, 14, 11, 5, 31, 18, 7, 29, 20, 16, 9, 27, 22, 3, 13, 12, 4, 21, 28, 8, 17, 19, 6, 30]
[25, 24, 1, 15, 10, 26, 23, 2, 14, 11, 5, 31, 18, 7, 29, 20, 16, 9, 27, 22, 3, 13, 12, 4, 21, 28, 8, 17, 19, 30, 6]
[25, 24, 1, 15, 10, 26, 23, 13, 12, 4, 21, 28, 8, 17, 19, 30, 6, 3, 22, 27, 9, 16, 20, 29, 7, 2, 14, 11, 5, 31, 18]
[25, 24, 1, 15, 10, 26, 23, 13, 12, 4, 21, 28, 8, 17, 19, 30, 6, 3, 22, 27, 9, 16, 20, 29, 7, 18, 31, 5, 11, 14, 2]
[25, 24, 1, 15, 21, 4, 12, 13, 3, 22, 27, 9, 16, 20, 29, 7, 18, 31, 5, 11, 14, 2, 23, 26, 10, 6, 30, 19, 17, 8, 28]
[25, 24, 1, 15, 21, 28, 8, 17, 19, 30, 6, 10, 26, 23, 2, 14, 11, 5, 4, 12, 13, 3, 22, 27, 9, 16, 20, 29, 7, 18, 31]
[25, 24, 1, 15, 21, 28, 8, 17, 19, 30, 6, 10, 26, 23, 2, 14, 11, 5, 31, 18, 7, 29, 20, 16, 9, 27, 22, 3, 13, 12, 4]
[26, 10, 6, 3, 22, 27, 9, 16, 20, 29, 7, 18, 31, 5, 4, 12, 13, 23, 2, 14, 11, 25, 24, 1, 15, 21, 28, 8, 17, 19, 30]
[26, 10, 6, 30, 19, 17, 8, 28, 21, 4, 12, 24, 25, 11, 5, 31, 18, 7, 29, 20, 16, 9, 27, 22, 14, 2, 23, 13, 3, 1, 15]
[26, 10, 6, 30, 19, 17, 8, 28, 21, 15, 1, 3, 13, 23, 2, 7, 18, 31, 5, 4, 12, 24, 25, 11, 14, 22, 27, 9, 16, 20, 29]
[26, 10, 6, 30, 19, 17, 8, 28, 21, 15, 1, 3, 13, 23, 2, 7, 29, 20, 16, 9, 27, 22, 14, 11, 25, 24, 12, 4, 5, 31, 18]
[26, 10, 6, 30, 19, 17, 8, 28, 21, 15, 1, 3, 13, 23, 2, 14, 11, 25, 24, 12, 4, 5, 31, 18, 7, 29, 20, 16, 9, 27, 22]
[26, 10, 6, 30, 19, 17, 8, 28, 21, 15, 1, 3, 13, 23, 2, 14, 22, 27, 9, 16, 20, 29, 7, 18, 31, 5, 4, 12, 24, 25, 11]
[26, 10, 6, 30, 19, 17, 8, 28, 21, 15, 1, 3, 13, 23, 2, 14, 22, 27, 9, 16, 20, 29, 7, 18, 31, 5, 11, 25, 24, 12, 4]
[26, 10, 6, 30, 19, 17, 8, 28, 21, 15, 1, 3, 22, 27, 9, 16, 20, 29, 7, 18, 31, 5, 4, 12, 13, 23, 2, 14, 11, 25, 24]
[26, 10, 6, 30, 19, 17, 8, 28, 21, 15, 1, 3, 22, 27, 9, 16, 20, 29, 7, 18, 31, 5, 4, 12, 24, 25, 11, 14, 2, 23, 13]
[26, 10, 6, 30, 19, 17, 8, 28, 21, 15, 1, 24, 12, 4, 5, 31, 18, 7, 29, 20, 16, 9, 27, 22, 3, 13, 23, 2, 14, 11, 25]
[26, 10, 6, 30, 19, 17, 8, 28, 21, 15, 1, 24, 25, 11, 14, 2, 23, 13, 3, 22, 27, 9, 16, 20, 29, 7, 18, 31, 5, 4, 12]
[26, 10, 6, 30, 19, 17, 8, 28, 21, 15, 1, 24, 25, 11, 14, 2, 23, 13, 12, 4, 5, 31, 18, 7, 29, 20, 16, 9, 27, 22, 3]
[26, 10, 15, 1, 3, 6, 30, 19, 17, 8, 28, 21, 4, 5, 11, 25, 24, 12, 13, 23, 2, 14, 22, 27, 9, 16, 20, 29, 7, 18, 31]
[26, 10, 15, 1, 3, 6, 30, 19, 17, 8, 28, 21, 4, 5, 31, 18, 7, 2, 23, 13, 12, 24, 25, 11, 14, 22, 27, 9, 16, 20, 29]
[26, 10, 15, 1, 3, 6, 30, 19, 17, 8, 28, 21, 4, 5, 31, 18, 7, 29, 20, 16, 9, 27, 22, 14, 2, 23, 13, 12, 24, 25, 11]
[26, 10, 15, 1, 3, 6, 30, 19, 17, 8, 28, 21, 4, 5, 31, 18, 7, 29, 20, 16, 9, 27, 22, 14, 11, 25, 24, 12, 13, 23, 2]
[26, 10, 15, 1, 3, 6, 30, 19, 17, 8, 28, 21, 4, 12, 13, 23, 2, 14, 22, 27, 9, 16, 20, 29, 7, 18, 31, 5, 11, 25, 24]
[26, 10, 15, 1, 3, 6, 30, 19, 17, 8, 28, 21, 4, 12, 24, 25, 11, 5, 31, 18, 7, 29, 20, 16, 9, 27, 22, 14, 2, 23, 13]
[26, 10, 15, 1, 3, 13, 23, 2, 14, 22, 27, 9, 16, 20, 29, 7, 18, 31, 5, 11, 25, 24, 12, 4, 21, 28, 8, 17, 19, 6, 30]
[26, 10, 15, 1, 3, 13, 23, 2, 14, 22, 27, 9, 16, 20, 29, 7, 18, 31, 5, 11, 25, 24, 12, 4, 21, 28, 8, 17, 19, 30, 6]
[26, 10, 15, 1, 8, 17, 19, 30, 6, 3, 13, 23, 2, 14, 22, 27, 9, 16, 20, 29, 7, 18, 31, 5, 11, 25, 24, 12, 4, 21, 28]
[26, 10, 15, 1, 8, 28, 21, 4, 12, 24, 25, 11, 5, 31, 18, 7, 29, 20, 16, 9, 27, 22, 14, 2, 23, 13, 3, 6, 30, 19, 17]
[26, 10, 15, 1, 24, 12, 4, 21, 28, 8, 17, 19, 30, 6, 3, 13, 23, 2, 14, 22, 27, 9, 16, 20, 29, 7, 18, 31, 5, 11, 25]
[26, 10, 15, 1, 24, 25, 11, 5, 31, 18, 7, 29, 20, 16, 9, 27, 22, 3, 6, 30, 19, 17, 8, 28, 21, 4, 12, 13, 23, 2, 14]
[26, 10, 15, 1, 24, 25, 11, 5, 31, 18, 7, 29, 20, 16, 9, 27, 22, 14, 2, 23, 13, 3, 6, 30, 19, 17, 8, 28, 21, 4, 12]
[26, 10, 15, 1, 24, 25, 11, 5, 31, 18, 7, 29, 20, 16, 9, 27, 22, 14, 2, 23, 13, 12, 4, 21, 28, 8, 17, 19, 30, 6, 3]
[26, 10, 15, 1, 24, 25, 11, 14, 2, 23, 13, 12, 4, 5, 31, 18, 7, 29, 20, 16, 9, 27, 22, 3, 6, 30, 19, 17, 8, 28, 21]
[26, 10, 15, 1, 24, 25, 11, 14, 2, 23, 13, 12, 4, 21, 28, 8, 17, 19, 30, 6, 3, 22, 27, 9, 16, 20, 5, 31, 18, 7, 29]
[26, 10, 15, 1, 24, 25, 11, 14, 2, 23, 13, 12, 4, 21, 28, 8, 17, 19, 30, 6, 3, 22, 27, 9, 16, 20, 29, 7, 18, 31, 5]
[26, 10, 15, 21, 4, 12, 13, 23, 2, 14, 22, 27, 9, 16, 20, 29, 7, 18, 31, 5, 11, 25, 24, 1, 3, 6, 30, 19, 17, 8, 28]
[26, 10, 15, 21, 28, 8, 1, 24, 25, 11, 14, 2, 23, 13, 12, 4, 5, 31, 18, 7, 29, 20, 16, 9, 27, 22, 3, 6, 30, 19, 17]
[26, 10, 15, 21, 28, 8, 17, 19, 30, 6, 3, 1, 24, 25, 11, 5, 4, 12, 13, 23, 2, 14, 22, 27, 9, 16, 20, 29, 7, 18, 31]
[26, 10, 15, 21, 28, 8, 17, 19, 30, 6, 3, 1, 24, 25, 11, 5, 31, 18, 7, 29, 20, 16, 9, 27, 22, 14, 2, 23, 13, 12, 4]
[26, 10, 15, 21, 28, 8, 17, 19, 30, 6, 3, 1, 24, 25, 11, 14, 2, 23, 13, 12, 4, 5, 31, 18, 7, 29, 20, 16, 9, 27, 22]
[26, 10, 15, 21, 28, 8, 17, 19, 30, 6, 3, 1, 24, 25, 11, 14, 22, 27, 9, 16, 20, 29, 7, 2, 23, 13, 12, 4, 5, 31, 18]
[26, 10, 15, 21, 28, 8, 17, 19, 30, 6, 3, 1, 24, 25, 11, 14, 22, 27, 9, 16, 20, 29, 7, 18, 31, 5, 4, 12, 13, 23, 2]
[26, 10, 15, 21, 28, 8, 17, 19, 30, 6, 3, 22, 27, 9, 16, 20, 29, 7, 18, 31, 5, 4, 12, 13, 23, 2, 14, 11, 25, 24, 1]
[26, 23, 2, 7, 18, 31, 5, 4, 21, 28, 8, 17, 19, 30, 6, 10, 15, 1, 3, 13, 12, 24, 25, 11, 14, 22, 27, 9, 16, 20, 29]
[26, 23, 2, 7, 29, 20, 16, 9, 27, 22, 14, 11, 25, 24, 12, 13, 3, 1, 15, 10, 6, 30, 19, 17, 8, 28, 21, 4, 5, 31, 18]
[26, 23, 2, 14, 11, 5, 31, 18, 7, 29, 20, 16, 9, 27, 22, 3, 13, 12, 4, 21, 28, 8, 17, 19, 30, 6, 10, 15, 1, 24, 25]
[26, 23, 2, 14, 11, 25, 24, 1, 15, 10, 6, 30, 19, 17, 8, 28, 21, 4, 5, 31, 18, 7, 29, 20, 16, 9, 27, 22, 3, 13, 12]
[26, 23, 2, 14, 11, 25, 24, 1, 15, 10, 6, 30, 19, 17, 8, 28, 21, 4, 12, 13, 3, 22, 27, 9, 16, 20, 5, 31, 18, 7, 29]
[26, 23, 2, 14, 11, 25, 24, 1, 15, 10, 6, 30, 19, 17, 8, 28, 21, 4, 12, 13, 3, 22, 27, 9, 16, 20, 29, 7, 18, 31, 5]
[26, 23, 2, 14, 11, 25, 24, 12, 13, 3, 1, 15, 10, 6, 30, 19, 17, 8, 28, 21, 4, 5, 31, 18, 7, 29, 20, 16, 9, 27, 22]
[26, 23, 2, 14, 11, 25, 24, 12, 13, 3, 22, 27, 9, 16, 20, 29, 7, 18, 31, 5, 4, 21, 28, 8, 1, 15, 10, 6, 30, 19, 17]
[26, 23, 2, 14, 11, 25, 24, 12, 13, 3, 22, 27, 9, 16, 20, 29, 7, 18, 31, 5, 4, 21, 28, 8, 17, 19, 30, 6, 10, 15, 1]
[26, 23, 2, 14, 22, 3, 13, 12, 4, 21, 28, 8, 17, 19, 30, 6, 10, 15, 1, 24, 25, 11, 5, 31, 18, 7, 29, 20, 16, 9, 27]
[26, 23, 2, 14, 22, 27, 9, 16, 20, 29, 7, 18, 31, 5, 4, 21, 28, 8, 17, 19, 30, 6, 10, 15, 1, 3, 13, 12, 24, 25, 11]
[26, 23, 2, 14, 22, 27, 9, 16, 20, 29, 7, 18, 31, 5, 11, 25, 24, 1, 3, 13, 12, 4, 21, 15, 10, 6, 30, 19, 17, 8, 28]
[26, 23, 2, 14, 22, 27, 9, 16, 20, 29, 7, 18, 31, 5, 11, 25, 24, 1, 3, 13, 12, 4, 21, 28, 8, 17, 19, 30, 6, 10, 15]
[26, 23, 2, 14, 22, 27, 9, 16, 20, 29, 7, 18, 31, 5, 11, 25, 24, 1, 15, 10, 6, 3, 13, 12, 4, 21, 28, 8, 17, 19, 30]
[26, 23, 2, 14, 22, 27, 9, 16, 20, 29, 7, 18, 31, 5, 11, 25, 24, 1, 15, 10, 6, 30, 19, 17, 8, 28, 21, 4, 12, 13, 3]
[26, 23, 2, 14, 22, 27, 9, 16, 20, 29, 7, 18, 31, 5, 11, 25, 24, 12, 4, 21, 28, 8, 17, 19, 30, 6, 10, 15, 1, 3, 13]
[26, 23, 2, 14, 22, 27, 9, 16, 20, 29, 7, 18, 31, 5, 11, 25, 24, 12, 13, 3, 1, 15, 10, 6, 30, 19, 17, 8, 28, 21, 4]
[26, 23, 13, 3, 1, 15, 10, 6, 30, 19, 17, 8, 28, 21, 4, 12, 24, 25, 11, 5, 31, 18, 7, 2, 14, 22, 27, 9, 16, 20, 29]
[26, 23, 13, 3, 1, 15, 10, 6, 30, 19, 17, 8, 28, 21, 4, 12, 24, 25, 11, 5, 31, 18, 7, 29, 20, 16, 9, 27, 22, 14, 2]
[26, 23, 13, 12, 24, 25, 11, 14, 2, 7, 18, 31, 5, 4, 21, 28, 8, 17, 19, 30, 6, 10, 15, 1, 3, 22, 27, 9, 16, 20, 29]
[26, 23, 13, 12, 24, 25, 11, 14, 2, 7, 29, 20, 16, 9, 27, 22, 3, 1, 15, 10, 6, 30, 19, 17, 8, 28, 21, 4, 5, 31, 18]
[27, 9, 16, 20, 29, 7, 2, 14, 22, 3, 6, 30, 19, 17, 8, 28, 21, 4, 12, 13, 23, 26, 10, 15, 1, 24, 25, 11, 5, 31, 18]
[27, 9, 16, 20, 29, 7, 2, 23, 26, 10, 6, 30, 19, 17, 8, 28, 21, 15, 1, 24, 25, 11, 14, 22, 3, 13, 12, 4, 5, 31, 18]
[27, 9, 16, 20, 29, 7, 18, 31, 5, 4, 12, 13, 3, 22, 14, 2, 23, 26, 10, 6, 30, 19, 17, 8, 28, 21, 15, 1, 24, 25, 11]
[27, 9, 16, 20, 29, 7, 18, 31, 5, 4, 12, 13, 3, 22, 14, 11, 25, 24, 1, 15, 21, 28, 8, 17, 19, 30, 6, 10, 26, 23, 2]
[27, 9, 16, 20, 29, 7, 18, 31, 5, 11, 25, 24, 1, 15, 10, 6, 30, 19, 17, 8, 28, 21, 4, 12, 13, 3, 22, 14, 2, 23, 26]
[27, 9, 16, 20, 29, 7, 18, 31, 5, 11, 25, 24, 1, 15, 10, 26, 23, 2, 14, 22, 3, 6, 30, 19, 17, 8, 28, 21, 4, 12, 13]
[27, 9, 16, 20, 29, 7, 18, 31, 5, 11, 25, 24, 1, 15, 10, 26, 23, 2, 14, 22, 3, 13, 12, 4, 21, 28, 8, 17, 19, 6, 30]
[27, 9, 16, 20, 29, 7, 18, 31, 5, 11, 25, 24, 1, 15, 10, 26, 23, 2, 14, 22, 3, 13, 12, 4, 21, 28, 8, 17, 19, 30, 6]
[27, 9, 16, 20, 29, 7, 18, 31, 5, 11, 25, 24, 1, 15, 10, 26, 23, 13, 12, 4, 21, 28, 8, 17, 19, 30, 6, 3, 22, 14, 2]
[27, 9, 16, 20, 29, 7, 18, 31, 5, 11, 25, 24, 1, 15, 21, 4, 12, 13, 3, 22, 14, 2, 23, 26, 10, 6, 30, 19, 17, 8, 28]
[27, 9, 16, 20, 29, 7, 18, 31, 5, 11, 25, 24, 1, 15, 21, 28, 8, 17, 19, 30, 6, 10, 26, 23, 2, 14, 22, 3, 13, 12, 4]
[28, 8, 1, 15, 21, 4, 5, 31, 18, 7, 29, 20, 16, 9, 27, 22, 3, 13, 12, 24, 25, 11, 14, 2, 23, 26, 10, 6, 30, 19, 17]
[28, 8, 1, 24, 25, 11, 5, 31, 18, 7, 29, 20, 16, 9, 27, 22, 14, 2, 23, 26, 10, 15, 21, 4, 12, 13, 3, 6, 30, 19, 17]
[28, 8, 17, 19, 30, 6, 3, 1, 24, 25, 11, 5, 31, 18, 7, 29, 20, 16, 9, 27, 22, 14, 2, 23, 13, 12, 4, 21, 15, 10, 26]
[28, 8, 17, 19, 30, 6, 3, 1, 24, 25, 11, 5, 31, 18, 7, 29, 20, 16, 9, 27, 22, 14, 2, 23, 26, 10, 15, 21, 4, 12, 13]
[28, 8, 17, 19, 30, 6, 3, 13, 12, 4, 21, 15, 1, 24, 25, 11, 5, 31, 18, 7, 29, 20, 16, 9, 27, 22, 14, 2, 23, 26, 10]
[28, 8, 17, 19, 30, 6, 3, 13, 12, 4, 21, 15, 10, 26, 23, 2, 14, 22, 27, 9, 16, 20, 29, 7, 18, 31, 5, 11, 25, 24, 1]
[28, 8, 17, 19, 30, 6, 10, 15, 21, 4, 12, 13, 3, 1, 24, 25, 11, 5, 31, 18, 7, 29, 20, 16, 9, 27, 22, 14, 2, 23, 26]
[28, 8, 17, 19, 30, 6, 10, 26, 23, 2, 7, 18, 31, 5, 4, 21, 15, 1, 3, 13, 12, 24, 25, 11, 14, 22, 27, 9, 16, 20, 29]
[28, 8, 17, 19, 30, 6, 10, 26, 23, 2, 7, 29, 20, 16, 9, 27, 22, 14, 11, 25, 24, 12, 13, 3, 1, 15, 21, 4, 5, 31, 18]
[28, 8, 17, 19, 30, 6, 10, 26, 23, 2, 14, 11, 5, 31, 18, 7, 29, 20, 16, 9, 27, 22, 3, 13, 12, 4, 21, 15, 1, 24, 25]
[28, 8, 17, 19, 30, 6, 10, 26, 23, 2, 14, 11, 25, 24, 1, 15, 21, 4, 5, 31, 18, 7, 29, 20, 16, 9, 27, 22, 3, 13, 12]
[28, 8, 17, 19, 30, 6, 10, 26, 23, 2, 14, 11, 25, 24, 1, 15, 21, 4, 12, 13, 3, 22, 27, 9, 16, 20, 5, 31, 18, 7, 29]
[28, 8, 17, 19, 30, 6, 10, 26, 23, 2, 14, 11, 25, 24, 1, 15, 21, 4, 12, 13, 3, 22, 27, 9, 16, 20, 29, 7, 18, 31, 5]
[28, 8, 17, 19, 30, 6, 10, 26, 23, 2, 14, 11, 25, 24, 12, 13, 3, 1, 15, 21, 4, 5, 31, 18, 7, 29, 20, 16, 9, 27, 22]
[28, 8, 17, 19, 30, 6, 10, 26, 23, 2, 14, 11, 25, 24, 12, 13, 3, 22, 27, 9, 16, 20, 29, 7, 18, 31, 5, 4, 21, 15, 1]
[28, 8, 17, 19, 30, 6, 10, 26, 23, 2, 14, 22, 3, 13, 12, 4, 21, 15, 1, 24, 25, 11, 5, 31, 18, 7, 29, 20, 16, 9, 27]
[28, 8, 17, 19, 30, 6, 10, 26, 23, 2, 14, 22, 27, 9, 16, 20, 29, 7, 18, 31, 5, 4, 21, 15, 1, 3, 13, 12, 24, 25, 11]
[28, 8, 17, 19, 30, 6, 10, 26, 23, 2, 14, 22, 27, 9, 16, 20, 29, 7, 18, 31, 5, 11, 25, 24, 1, 3, 13, 12, 4, 21, 15]
[28, 8, 17, 19, 30, 6, 10, 26, 23, 2, 14, 22, 27, 9, 16, 20, 29, 7, 18, 31, 5, 11, 25, 24, 1, 15, 21, 4, 12, 13, 3]
[28, 8, 17, 19, 30, 6, 10, 26, 23, 2, 14, 22, 27, 9, 16, 20, 29, 7, 18, 31, 5, 11, 25, 24, 12, 4, 21, 15, 1, 3, 13]
[28, 8, 17, 19, 30, 6, 10, 26, 23, 2, 14, 22, 27, 9, 16, 20, 29, 7, 18, 31, 5, 11, 25, 24, 12, 13, 3, 1, 15, 21, 4]
[28, 8, 17, 19, 30, 6, 10, 26, 23, 13, 3, 1, 15, 21, 4, 12, 24, 25, 11, 5, 31, 18, 7, 2, 14, 22, 27, 9, 16, 20, 29]
[28, 8, 17, 19, 30, 6, 10, 26, 23, 13, 3, 1, 15, 21, 4, 12, 24, 25, 11, 5, 31, 18, 7, 29, 20, 16, 9, 27, 22, 14, 2]
[28, 8, 17, 19, 30, 6, 10, 26, 23, 13, 12, 24, 25, 11, 14, 2, 7, 18, 31, 5, 4, 21, 15, 1, 3, 22, 27, 9, 16, 20, 29]
[28, 8, 17, 19, 30, 6, 10, 26, 23, 13, 12, 24, 25, 11, 14, 2, 7, 29, 20, 16, 9, 27, 22, 3, 1, 15, 21, 4, 5, 31, 18]
[28, 21, 4, 5, 11, 25, 24, 12, 13, 3, 6, 30, 19, 17, 8, 1, 15, 10, 26, 23, 2, 14, 22, 27, 9, 16, 20, 29, 7, 18, 31]
[28, 21, 4, 5, 31, 18, 7, 2, 14, 11, 25, 24, 12, 13, 23, 26, 10, 15, 1, 8, 17, 19, 30, 6, 3, 22, 27, 9, 16, 20, 29]
[28, 21, 4, 5, 31, 18, 7, 2, 23, 26, 10, 15, 1, 8, 17, 19, 30, 6, 3, 13, 12, 24, 25, 11, 14, 22, 27, 9, 16, 20, 29]
[28, 21, 4, 5, 31, 18, 7, 29, 20, 16, 9, 27, 22, 3, 6, 30, 19, 17, 8, 1, 15, 10, 26, 23, 2, 14, 11, 25, 24, 12, 13]
[28, 21, 4, 5, 31, 18, 7, 29, 20, 16, 9, 27, 22, 3, 6, 30, 19, 17, 8, 1, 15, 10, 26, 23, 13, 12, 24, 25, 11, 14, 2]
[28, 21, 4, 5, 31, 18, 7, 29, 20, 16, 9, 27, 22, 3, 13, 12, 24, 25, 11, 14, 2, 23, 26, 10, 6, 30, 19, 17, 8, 1, 15]
[28, 21, 4, 5, 31, 18, 7, 29, 20, 16, 9, 27, 22, 3, 13, 12, 24, 25, 11, 14, 2, 23, 26, 10, 15, 1, 8, 17, 19, 6, 30]
[28, 21, 4, 5, 31, 18, 7, 29, 20, 16, 9, 27, 22, 3, 13, 12, 24, 25, 11, 14, 2, 23, 26, 10, 15, 1, 8, 17, 19, 30, 6]
[28, 21, 4, 5, 31, 18, 7, 29, 20, 16, 9, 27, 22, 14, 2, 23, 26, 10, 15, 1, 8, 17, 19, 30, 6, 3, 13, 12, 24, 25, 11]
[28, 21, 4, 5, 31, 18, 7, 29, 20, 16, 9, 27, 22, 14, 11, 25, 24, 12, 13, 3, 6, 30, 19, 17, 8, 1, 15, 10, 26, 23, 2]
[28, 21, 4, 12, 13, 3, 6, 30, 19, 17, 8, 1, 15, 10, 26, 23, 2, 14, 22, 27, 9, 16, 20, 29, 7, 18, 31, 5, 11, 25, 24]
[28, 21, 4, 12, 13, 3, 6, 30, 19, 17, 8, 1, 24, 25, 11, 5, 31, 18, 7, 29, 20, 16, 9, 27, 22, 14, 2, 23, 26, 10, 15]
[28, 21, 4, 12, 24, 25, 11, 5, 31, 18, 7, 29, 20, 16, 9, 27, 22, 14, 2, 23, 13, 3, 6, 30, 19, 17, 8, 1, 15, 10, 26]
[28, 21, 4, 12, 24, 25, 11, 5, 31, 18, 7, 29, 20, 16, 9, 27, 22, 14, 2, 23, 26, 10, 15, 1, 8, 17, 19, 30, 6, 3, 13]
[28, 21, 15, 1, 8, 17, 19, 30, 6, 10, 26, 23, 2, 14, 11, 25, 24, 12, 4, 5, 31, 18, 7, 29, 20, 16, 9, 27, 22, 3, 13]
[28, 21, 15, 1, 8, 17, 19, 30, 6, 10, 26, 23, 2, 14, 11, 25, 24, 12, 13, 3, 22, 27, 9, 16, 20, 29, 7, 18, 31, 5, 4]
[28, 21, 15, 1, 8, 17, 19, 30, 6, 10, 26, 23, 13, 3, 22, 27, 9, 16, 20, 29, 7, 2, 14, 11, 25, 24, 12, 4, 5, 31, 18]
[28, 21, 15, 1, 8, 17, 19, 30, 6, 10, 26, 23, 13, 3, 22, 27, 9, 16, 20, 29, 7, 18, 31, 5, 4, 12, 24, 25, 11, 14, 2]
[28, 21, 15, 10, 26, 23, 2, 7, 18, 31, 5, 4, 12, 13, 3, 6, 30, 19, 17, 8, 1, 24, 25, 11, 14, 22, 27, 9, 16, 20, 29]
[28, 21, 15, 10, 26, 23, 2, 7, 29, 20, 16, 9, 27, 22, 14, 11, 25, 24, 1, 8, 17, 19, 30, 6, 3, 13, 12, 4, 5, 31, 18]
[28, 21, 15, 10, 26, 23, 2, 14, 11, 25, 24, 1, 8, 17, 19, 30, 6, 3, 13, 12, 4, 5, 31, 18, 7, 29, 20, 16, 9, 27, 22]
[28, 21, 15, 10, 26, 23, 2, 14, 11, 25, 24, 1, 8, 17, 19, 30, 6, 3, 22, 27, 9, 16, 20, 29, 7, 18, 31, 5, 4, 12, 13]
[28, 21, 15, 10, 26, 23, 2, 14, 22, 27, 9, 16, 20, 29, 7, 18, 31, 5, 4, 12, 13, 3, 6, 30, 19, 17, 8, 1, 24, 25, 11]
[28, 21, 15, 10, 26, 23, 2, 14, 22, 27, 9, 16, 20, 29, 7, 18, 31, 5, 11, 25, 24, 1, 8, 17, 19, 30, 6, 3, 13, 12, 4]
[28, 21, 15, 10, 26, 23, 13, 12, 4, 5, 31, 18, 7, 2, 14, 11, 25, 24, 1, 8, 17, 19, 30, 6, 3, 22, 27, 9, 16, 20, 29]
[28, 21, 15, 10, 26, 23, 13, 12, 4, 5, 31, 18, 7, 29, 20, 16, 9, 27, 22, 3, 6, 30, 19, 17, 8, 1, 24, 25, 11, 14, 2]
[29, 7, 2, 14, 11, 25, 24, 1, 15, 10, 26, 23, 13, 12, 4, 21, 28, 8, 17, 19, 30, 6, 3, 22, 27, 9, 16, 20, 5, 31, 18]
[29, 7, 18, 31, 5, 20, 16, 9, 27, 22, 3, 6, 30, 19, 17, 8, 28, 21, 4, 12, 13, 23, 2, 14, 11, 25, 24, 1, 15, 10, 26]
[29, 7, 18, 31, 5, 20, 16, 9, 27, 22, 3, 6, 30, 19, 17, 8, 28, 21, 4, 12, 13, 23, 26, 10, 15, 1, 24, 25, 11, 14, 2]
[29, 7, 18, 31, 5, 20, 16, 9, 27, 22, 3, 13, 12, 4, 21, 15, 1, 24, 25, 11, 14, 2, 23, 26, 10, 6, 30, 19, 17, 8, 28]
[29, 7, 18, 31, 5, 20, 16, 9, 27, 22, 3, 13, 12, 4, 21, 28, 8, 17, 19, 30, 6, 10, 15, 1, 24, 25, 11, 14, 2, 23, 26]
[29, 7, 18, 31, 5, 20, 16, 9, 27, 22, 3, 13, 12, 4, 21, 28, 8, 17, 19, 30, 6, 10, 26, 23, 2, 14, 11, 25, 24, 1, 15]
[29, 20, 5, 31, 18, 7, 2, 14, 11, 25, 24, 1, 15, 10, 26, 23, 13, 12, 4, 21, 28, 8, 17, 19, 30, 6, 3, 22, 27, 9, 16]
[29, 20, 16, 9, 27, 22, 3, 1, 15, 10, 6, 30, 19, 17, 8, 28, 21, 4, 5, 31, 18, 7, 2, 14, 11, 25, 24, 12, 13, 23, 26]
[29, 20, 16, 9, 27, 22, 3, 1, 15, 10, 26, 23, 13, 12, 24, 25, 11, 14, 2, 7, 18, 31, 5, 4, 21, 28, 8, 17, 19, 6, 30]
[29, 20, 16, 9, 27, 22, 3, 1, 15, 10, 26, 23, 13, 12, 24, 25, 11, 14, 2, 7, 18, 31, 5, 4, 21, 28, 8, 17, 19, 30, 6]
[29, 20, 16, 9, 27, 22, 3, 1, 15, 21, 4, 5, 31, 18, 7, 2, 14, 11, 25, 24, 12, 13, 23, 26, 10, 6, 30, 19, 17, 8, 28]
[29, 20, 16, 9, 27, 22, 3, 1, 15, 21, 28, 8, 17, 19, 30, 6, 10, 26, 23, 13, 12, 4, 5, 31, 18, 7, 2, 14, 11, 25, 24]
[29, 20, 16, 9, 27, 22, 3, 1, 15, 21, 28, 8, 17, 19, 30, 6, 10, 26, 23, 13, 12, 24, 25, 11, 14, 2, 7, 18, 31, 5, 4]
[29, 20, 16, 9, 27, 22, 3, 1, 24, 25, 11, 14, 2, 7, 18, 31, 5, 4, 12, 13, 23, 26, 10, 6, 30, 19, 17, 8, 28, 21, 15]
[29, 20, 16, 9, 27, 22, 3, 1, 24, 25, 11, 14, 2, 7, 18, 31, 5, 4, 12, 13, 23, 26, 10, 15, 21, 28, 8, 17, 19, 6, 30]
[29, 20, 16, 9, 27, 22, 3, 1, 24, 25, 11, 14, 2, 7, 18, 31, 5, 4, 12, 13, 23, 26, 10, 15, 21, 28, 8, 17, 19, 30, 6]
[29, 20, 16, 9, 27, 22, 3, 6, 10, 26, 23, 13, 12, 4, 5, 31, 18, 7, 2, 14, 11, 25, 24, 1, 15, 21, 28, 8, 17, 19, 30]
[29, 20, 16, 9, 27, 22, 3, 6, 30, 19, 17, 8, 1, 15, 10, 26, 23, 13, 12, 24, 25, 11, 14, 2, 7, 18, 31, 5, 4, 21, 28]
[29, 20, 16, 9, 27, 22, 3, 6, 30, 19, 17, 8, 1, 24, 25, 11, 14, 2, 7, 18, 31, 5, 4, 12, 13, 23, 26, 10, 15, 21, 28]
[29, 20, 16, 9, 27, 22, 3, 6, 30, 19, 17, 8, 28, 21, 4, 5, 31, 18, 7, 2, 14, 11, 25, 24, 1, 15, 10, 26, 23, 13, 12]
[29, 20, 16, 9, 27, 22, 3, 6, 30, 19, 17, 8, 28, 21, 4, 5, 31, 18, 7, 2, 14, 11, 25, 24, 12, 13, 23, 26, 10, 15, 1]
[29, 20, 16, 9, 27, 22, 3, 6, 30, 19, 17, 8, 28, 21, 4, 12, 13, 23, 26, 10, 15, 1, 24, 25, 11, 5, 31, 18, 7, 2, 14]
[29, 20, 16, 9, 27, 22, 3, 6, 30, 19, 17, 8, 28, 21, 4, 12, 13, 23, 26, 10, 15, 1, 24, 25, 11, 14, 2, 7, 18, 31, 5]
[29, 20, 16, 9, 27, 22, 3, 6, 30, 19, 17, 8, 28, 21, 15, 1, 24, 25, 11, 14, 2, 7, 18, 31, 5, 4, 12, 13, 23, 26, 10]
[29, 20, 16, 9, 27, 22, 3, 6, 30, 19, 17, 8, 28, 21, 15, 10, 26, 23, 13, 12, 4, 5, 31, 18, 7, 2, 14, 11, 25, 24, 1]
[29, 20, 16, 9, 27, 22, 3, 13, 12, 4, 5, 31, 18, 7, 2, 14, 11, 25, 24, 1, 15, 21, 28, 8, 17, 19, 30, 6, 10, 26, 23]
[29, 20, 16, 9, 27, 22, 3, 13, 12, 4, 5, 31, 18, 7, 2, 23, 26, 10, 6, 30, 19, 17, 8, 28, 21, 15, 1, 24, 25, 11, 14]
[29, 20, 16, 9, 27, 22, 3, 13, 23, 26, 10, 6, 30, 19, 17, 8, 28, 21, 15, 1, 24, 12, 4, 5, 31, 18, 7, 2, 14, 11, 25]
[29, 20, 16, 9, 27, 22, 3, 13, 23, 26, 10, 6, 30, 19, 17, 8, 28, 21, 15, 1, 24, 25, 11, 14, 2, 7, 18, 31, 5, 4, 12]
[29, 20, 16, 9, 27, 22, 14, 2, 7, 18, 31, 5, 4, 12, 13, 23, 26, 10, 15, 21, 28, 8, 17, 19, 30, 6, 3, 1, 24, 25, 11]
[29, 20, 16, 9, 27, 22, 14, 2, 7, 18, 31, 5, 4, 21, 28, 8, 17, 19, 30, 6, 3, 1, 15, 10, 26, 23, 13, 12, 24, 25, 11]
[29, 20, 16, 9, 27, 22, 14, 2, 7, 18, 31, 5, 11, 25, 24, 1, 3, 6, 30, 19, 17, 8, 28, 21, 4, 12, 13, 23, 26, 10, 15]
[29, 20, 16, 9, 27, 22, 14, 2, 7, 18, 31, 5, 11, 25, 24, 1, 3, 6, 30, 19, 17, 8, 28, 21, 15, 10, 26, 23, 13, 12, 4]
[29, 20, 16, 9, 27, 22, 14, 2, 7, 18, 31, 5, 11, 25, 24, 1, 15, 10, 26, 23, 13, 3, 6, 30, 19, 17, 8, 28, 21, 4, 12]
[29, 20, 16, 9, 27, 22, 14, 2, 7, 18, 31, 5, 11, 25, 24, 1, 15, 10, 26, 23, 13, 12, 4, 21, 28, 8, 17, 19, 30, 6, 3]
[29, 20, 16, 9, 27, 22, 14, 2, 7, 18, 31, 5, 11, 25, 24, 12, 4, 21, 15, 1, 3, 13, 23, 26, 10, 6, 30, 19, 17, 8, 28]
[29, 20, 16, 9, 27, 22, 14, 2, 7, 18, 31, 5, 11, 25, 24, 12, 4, 21, 28, 8, 1, 15, 10, 26, 23, 13, 3, 6, 30, 19, 17]
[29, 20, 16, 9, 27, 22, 14, 2, 7, 18, 31, 5, 11, 25, 24, 12, 4, 21, 28, 8, 17, 19, 30, 6, 3, 1, 15, 10, 26, 23, 13]
[29, 20, 16, 9, 27, 22, 14, 2, 7, 18, 31, 5, 11, 25, 24, 12, 4, 21, 28, 8, 17, 19, 30, 6, 3, 13, 23, 26, 10, 15, 1]
[29, 20, 16, 9, 27, 22, 14, 2, 7, 18, 31, 5, 11, 25, 24, 12, 4, 21, 28, 8, 17, 19, 30, 6, 10, 15, 1, 3, 13, 23, 26]
[29, 20, 16, 9, 27, 22, 14, 2, 7, 18, 31, 5, 11, 25, 24, 12, 4, 21, 28, 8, 17, 19, 30, 6, 10, 26, 23, 13, 3, 1, 15]
[29, 20, 16, 9, 27, 22, 14, 2, 7, 18, 31, 5, 11, 25, 24, 12, 13, 23, 26, 10, 15, 1, 3, 6, 30, 19, 17, 8, 28, 21, 4]
[29, 20, 16, 9, 27, 22, 14, 11, 25, 24, 1, 3, 6, 30, 19, 17, 8, 28, 21, 15, 10, 26, 23, 2, 7, 18, 31, 5, 4, 12, 13]
[29, 20, 16, 9, 27, 22, 14, 11, 25, 24, 1, 3, 6, 30, 19, 17, 8, 28, 21, 15, 10, 26, 23, 13, 12, 4, 5, 31, 18, 7, 2]
[29, 20, 16, 9, 27, 22, 14, 11, 25, 24, 1, 3, 13, 12, 4, 5, 31, 18, 7, 2, 23, 26, 10, 6, 30, 19, 17, 8, 28, 21, 15]
[29, 20, 16, 9, 27, 22, 14, 11, 25, 24, 1, 3, 13, 12, 4, 5, 31, 18, 7, 2, 23, 26, 10, 15, 21, 28, 8, 17, 19, 6, 30]
[29, 20, 16, 9, 27, 22, 14, 11, 25, 24, 1, 3, 13, 12, 4, 5, 31, 18, 7, 2, 23, 26, 10, 15, 21, 28, 8, 17, 19, 30, 6]
[29, 20, 16, 9, 27, 22, 14, 11, 25, 24, 1, 8, 17, 19, 30, 6, 3, 13, 12, 4, 5, 31, 18, 7, 2, 23, 26, 10, 15, 21, 28]
[29, 20, 16, 9, 27, 22, 14, 11, 25, 24, 1, 8, 28, 21, 15, 10, 26, 23, 2, 7, 18, 31, 5, 4, 12, 13, 3, 6, 30, 19, 17]
[29, 20, 16, 9, 27, 22, 14, 11, 25, 24, 1, 15, 10, 26, 23, 2, 7, 18, 31, 5, 4, 12, 13, 3, 6, 30, 19, 17, 8, 28, 21]
[29, 20, 16, 9, 27, 22, 14, 11, 25, 24, 1, 15, 10, 26, 23, 2, 7, 18, 31, 5, 4, 21, 28, 8, 17, 19, 30, 6, 3, 13, 12]
[29, 20, 16, 9, 27, 22, 14, 11, 25, 24, 1, 15, 21, 28, 8, 17, 19, 30, 6, 3, 13, 12, 4, 5, 31, 18, 7, 2, 23, 26, 10]
[29, 20, 16, 9, 27, 22, 14, 11, 25, 24, 1, 15, 21, 28, 8, 17, 19, 30, 6, 10, 26, 23, 2, 7, 18, 31, 5, 4, 12, 13, 3]
[29, 20, 16, 9, 27, 22, 14, 11, 25, 24, 12, 4, 5, 31, 18, 7, 2, 23, 13, 3, 1, 15, 21, 28, 8, 17, 19, 30, 6, 10, 26]
[29, 20, 16, 9, 27, 22, 14, 11, 25, 24, 12, 4, 5, 31, 18, 7, 2, 23, 26, 10, 6, 30, 19, 17, 8, 28, 21, 15, 1, 3, 13]
[29, 20, 16, 9, 27, 22, 14, 11, 25, 24, 12, 13, 3, 1, 15, 10, 6, 30, 19, 17, 8, 28, 21, 4, 5, 31, 18, 7, 2, 23, 26]
[29, 20, 16, 9, 27, 22, 14, 11, 25, 24, 12, 13, 3, 1, 15, 10, 26, 23, 2, 7, 18, 31, 5, 4, 21, 28, 8, 17, 19, 6, 30]
[29, 20, 16, 9, 27, 22, 14, 11, 25, 24, 12, 13, 3, 1, 15, 10, 26, 23, 2, 7, 18, 31, 5, 4, 21, 28, 8, 17, 19, 30, 6]
[29, 20, 16, 9, 27, 22, 14, 11, 25, 24, 12, 13, 3, 1, 15, 21, 4, 5, 31, 18, 7, 2, 23, 26, 10, 6, 30, 19, 17, 8, 28]
[29, 20, 16, 9, 27, 22, 14, 11, 25, 24, 12, 13, 3, 1, 15, 21, 28, 8, 17, 19, 30, 6, 10, 26, 23, 2, 7, 18, 31, 5, 4]
[29, 20, 16, 9, 27, 22, 14, 11, 25, 24, 12, 13, 3, 6, 30, 19, 17, 8, 1, 15, 10, 26, 23, 2, 7, 18, 31, 5, 4, 21, 28]
[29, 20, 16, 9, 27, 22, 14, 11, 25, 24, 12, 13, 3, 6, 30, 19, 17, 8, 28, 21, 4, 5, 31, 18, 7, 2, 23, 26, 10, 15, 1]
[29, 20, 16, 9, 27, 22, 14, 11, 25, 24, 12, 13, 23, 2, 7, 18, 31, 5, 4, 21, 28, 8, 17, 19, 30, 6, 3, 1, 15, 10, 26]
[29, 20, 16, 9, 27, 22, 14, 11, 25, 24, 12, 13, 23, 26, 10, 15, 1, 3, 6, 30, 19, 17, 8, 28, 21, 4, 5, 31, 18, 7, 2]
[30, 6, 19, 17, 8, 1, 15, 10, 26, 23, 2, 14, 11, 25, 24, 12, 13, 3, 22, 27, 9, 16, 20, 29, 7, 18, 31, 5, 4, 21, 28]
[30, 6, 19, 17, 8, 28, 21, 4, 5, 11, 25, 24, 12, 13, 3, 1, 15, 10, 26, 23, 2, 14, 22, 27, 9, 16, 20, 29, 7, 18, 31]
[30, 6, 19, 17, 8, 28, 21, 4, 5, 31, 18, 7, 2, 14, 11, 25, 24, 12, 13, 23, 26, 10, 15, 1, 3, 22, 27, 9, 16, 20, 29]
[30, 6, 19, 17, 8, 28, 21, 4, 5, 31, 18, 7, 2, 23, 26, 10, 15, 1, 3, 13, 12, 24, 25, 11, 14, 22, 27, 9, 16, 20, 29]
[30, 6, 19, 17, 8, 28, 21, 4, 5, 31, 18, 7, 29, 20, 16, 9, 27, 22, 3, 1, 15, 10, 26, 23, 2, 14, 11, 25, 24, 12, 13]
[30, 6, 19, 17, 8, 28, 21, 4, 5, 31, 18, 7, 29, 20, 16, 9, 27, 22, 3, 1, 15, 10, 26, 23, 13, 12, 24, 25, 11, 14, 2]
[30, 6, 19, 17, 8, 28, 21, 4, 5, 31, 18, 7, 29, 20, 16, 9, 27, 22, 3, 13, 12, 24, 1, 15, 10, 26, 23, 2, 14, 11, 25]
[30, 6, 19, 17, 8, 28, 21, 4, 5, 31, 18, 7, 29, 20, 16, 9, 27, 22, 3, 13, 12, 24, 25, 11, 14, 2, 23, 26, 10, 15, 1]
[30, 6, 19, 17, 8, 28, 21, 4, 5, 31, 18, 7, 29, 20, 16, 9, 27, 22, 14, 2, 23, 26, 10, 15, 1, 3, 13, 12, 24, 25, 11]
[30, 6, 19, 17, 8, 28, 21, 4, 5, 31, 18, 7, 29, 20, 16, 9, 27, 22, 14, 11, 25, 24, 12, 13, 3, 1, 15, 10, 26, 23, 2]
[30, 6, 19, 17, 8, 28, 21, 4, 12, 13, 3, 1, 15, 10, 26, 23, 2, 14, 22, 27, 9, 16, 20, 29, 7, 18, 31, 5, 11, 25, 24]
[30, 6, 19, 17, 8, 28, 21, 4, 12, 13, 3, 1, 24, 25, 11, 5, 31, 18, 7, 29, 20, 16, 9, 27, 22, 14, 2, 23, 26, 10, 15]
[30, 6, 19, 17, 8, 28, 21, 4, 12, 13, 3, 22, 14, 2, 23, 26, 10, 15, 1, 24, 25, 11, 5, 31, 18, 7, 29, 20, 16, 9, 27]
[30, 6, 19, 17, 8, 28, 21, 4, 12, 13, 3, 22, 27, 9, 16, 20, 29, 7, 18, 31, 5, 11, 14, 2, 23, 26, 10, 15, 1, 24, 25]
[30, 6, 19, 17, 8, 28, 21, 4, 12, 13, 3, 22, 27, 9, 16, 20, 29, 7, 18, 31, 5, 11, 25, 24, 1, 15, 10, 26, 23, 2, 14]
[30, 6, 19, 17, 8, 28, 21, 4, 12, 24, 25, 11, 5, 31, 18, 7, 29, 20, 16, 9, 27, 22, 14, 2, 23, 13, 3, 1, 15, 10, 26]
[30, 6, 19, 17, 8, 28, 21, 4, 12, 24, 25, 11, 5, 31, 18, 7, 29, 20, 16, 9, 27, 22, 14, 2, 23, 26, 10, 15, 1, 3, 13]
[30, 6, 19, 17, 8, 28, 21, 15, 10, 26, 23, 2, 7, 18, 31, 5, 4, 12, 13, 3, 1, 24, 25, 11, 14, 22, 27, 9, 16, 20, 29]
[30, 6, 19, 17, 8, 28, 21, 15, 10, 26, 23, 2, 7, 29, 20, 16, 9, 27, 22, 14, 11, 25, 24, 1, 3, 13, 12, 4, 5, 31, 18]
[30, 6, 19, 17, 8, 28, 21, 15, 10, 26, 23, 2, 14, 11, 25, 24, 1, 3, 13, 12, 4, 5, 31, 18, 7, 29, 20, 16, 9, 27, 22]
[30, 6, 19, 17, 8, 28, 21, 15, 10, 26, 23, 2, 14, 11, 25, 24, 1, 3, 22, 27, 9, 16, 20, 29, 7, 18, 31, 5, 4, 12, 13]
[30, 6, 19, 17, 8, 28, 21, 15, 10, 26, 23, 2, 14, 22, 27, 9, 16, 20, 29, 7, 18, 31, 5, 4, 12, 13, 3, 1, 24, 25, 11]
[30, 6, 19, 17, 8, 28, 21, 15, 10, 26, 23, 2, 14, 22, 27, 9, 16, 20, 29, 7, 18, 31, 5, 11, 25, 24, 1, 3, 13, 12, 4]
[30, 6, 19, 17, 8, 28, 21, 15, 10, 26, 23, 13, 12, 4, 5, 31, 18, 7, 2, 14, 11, 25, 24, 1, 3, 22, 27, 9, 16, 20, 29]
[30, 6, 19, 17, 8, 28, 21, 15, 10, 26, 23, 13, 12, 4, 5, 31, 18, 7, 29, 20, 16, 9, 27, 22, 3, 1, 24, 25, 11, 14, 2]
[30, 19, 17, 8, 28, 21, 4, 12, 13, 3, 6, 10, 15, 1, 24, 25, 11, 5, 31, 18, 7, 29, 20, 16, 9, 27, 22, 14, 2, 23, 26]
[30, 19, 17, 8, 28, 21, 4, 12, 13, 3, 6, 10, 26, 23, 2, 14, 22, 27, 9, 16, 20, 29, 7, 18, 31, 5, 11, 25, 24, 1, 15]
[30, 19, 17, 8, 28, 21, 15, 1, 24, 25, 11, 5, 4, 12, 13, 3, 6, 10, 26, 23, 2, 14, 22, 27, 9, 16, 20, 29, 7, 18, 31]
[30, 19, 17, 8, 28, 21, 15, 1, 24, 25, 11, 5, 31, 18, 7, 29, 20, 16, 9, 27, 22, 14, 2, 23, 26, 10, 6, 3, 13, 12, 4]
[30, 19, 17, 8, 28, 21, 15, 1, 24, 25, 11, 14, 2, 7, 18, 31, 5, 4, 12, 13, 23, 26, 10, 6, 3, 22, 27, 9, 16, 20, 29]
[30, 19, 17, 8, 28, 21, 15, 1, 24, 25, 11, 14, 2, 7, 29, 20, 16, 9, 27, 22, 3, 6, 10, 26, 23, 13, 12, 4, 5, 31, 18]
[30, 19, 17, 8, 28, 21, 15, 1, 24, 25, 11, 14, 2, 23, 13, 12, 4, 5, 31, 18, 7, 29, 20, 16, 9, 27, 22, 3, 6, 10, 26]
[30, 19, 17, 8, 28, 21, 15, 1, 24, 25, 11, 14, 2, 23, 26, 10, 6, 3, 13, 12, 4, 5, 31, 18, 7, 29, 20, 16, 9, 27, 22]
[30, 19, 17, 8, 28, 21, 15, 1, 24, 25, 11, 14, 2, 23, 26, 10, 6, 3, 22, 27, 9, 16, 20, 29, 7, 18, 31, 5, 4, 12, 13]
[30, 19, 17, 8, 28, 21, 15, 1, 24, 25, 11, 14, 22, 27, 9, 16, 20, 29, 7, 2, 23, 26, 10, 6, 3, 13, 12, 4, 5, 31, 18]
[30, 19, 17, 8, 28, 21, 15, 1, 24, 25, 11, 14, 22, 27, 9, 16, 20, 29, 7, 18, 31, 5, 4, 12, 13, 3, 6, 10, 26, 23, 2]
[31, 18, 7, 29, 20, 16, 9, 27, 22, 3, 13, 12, 4, 5, 11, 14, 2, 23, 26, 10, 6, 30, 19, 17, 8, 28, 21, 15, 1, 24, 25]
[31, 18, 7, 29, 20, 16, 9, 27, 22, 3, 13, 12, 4, 5, 11, 25, 24, 1, 15, 21, 28, 8, 17, 19, 30, 6, 10, 26, 23, 2, 14]
[31, 18, 7, 29, 20, 16, 9, 27, 22, 14, 2, 23, 13, 12, 4, 5, 11, 25, 24, 1, 3, 6, 30, 19, 17, 8, 28, 21, 15, 10, 26]
[31, 18, 7, 29, 20, 16, 9, 27, 22, 14, 2, 23, 13, 12, 24, 25, 11, 5, 4, 21, 28, 8, 17, 19, 30, 6, 3, 1, 15, 10, 26]
[31, 18, 7, 29, 20, 16, 9, 27, 22, 14, 2, 23, 26, 10, 6, 3, 13, 12, 4, 5, 11, 25, 24, 1, 15, 21, 28, 8, 17, 19, 30]
[31, 18, 7, 29, 20, 16, 9, 27, 22, 14, 2, 23, 26, 10, 6, 30, 19, 17, 8, 28, 21, 4, 5, 11, 25, 24, 12, 13, 3, 1, 15]
[31, 18, 7, 29, 20, 16, 9, 27, 22, 14, 2, 23, 26, 10, 6, 30, 19, 17, 8, 28, 21, 15, 1, 3, 13, 12, 4, 5, 11, 25, 24]
[31, 18, 7, 29, 20, 16, 9, 27, 22, 14, 2, 23, 26, 10, 6, 30, 19, 17, 8, 28, 21, 15, 1, 3, 13, 12, 24, 25, 11, 5, 4]
[31, 18, 7, 29, 20, 16, 9, 27, 22, 14, 2, 23, 26, 10, 6, 30, 19, 17, 8, 28, 21, 15, 1, 24, 25, 11, 5, 4, 12, 13, 3]
[31, 18, 7, 29, 20, 16, 9, 27, 22, 14, 2, 23, 26, 10, 15, 1, 3, 6, 30, 19, 17, 8, 28, 21, 4, 5, 11, 25, 24, 12, 13]
[31, 18, 7, 29, 20, 16, 9, 27, 22, 14, 2, 23, 26, 10, 15, 1, 3, 13, 12, 24, 25, 11, 5, 4, 21, 28, 8, 17, 19, 6, 30]
[31, 18, 7, 29, 20, 16, 9, 27, 22, 14, 2, 23, 26, 10, 15, 1, 3, 13, 12, 24, 25, 11, 5, 4, 21, 28, 8, 17, 19, 30, 6]
[31, 18, 7, 29, 20, 16, 9, 27, 22, 14, 2, 23, 26, 10, 15, 1, 8, 17, 19, 30, 6, 3, 13, 12, 24, 25, 11, 5, 4, 21, 28]
[31, 18, 7, 29, 20, 16, 9, 27, 22, 14, 2, 23, 26, 10, 15, 1, 8, 28, 21, 4, 5, 11, 25, 24, 12, 13, 3, 6, 30, 19, 17]
[31, 18, 7, 29, 20, 16, 9, 27, 22, 14, 2, 23, 26, 10, 15, 1, 24, 12, 13, 3, 6, 30, 19, 17, 8, 28, 21, 4, 5, 11, 25]
[31, 18, 7, 29, 20, 16, 9, 27, 22, 14, 2, 23, 26, 10, 15, 1, 24, 25, 11, 5, 4, 12, 13, 3, 6, 30, 19, 17, 8, 28, 21]
[31, 18, 7, 29, 20, 16, 9, 27, 22, 14, 2, 23, 26, 10, 15, 1, 24, 25, 11, 5, 4, 21, 28, 8, 17, 19, 30, 6, 3, 13, 12]
[31, 18, 7, 29, 20, 16, 9, 27, 22, 14, 2, 23, 26, 10, 15, 21, 28, 8, 1, 24, 25, 11, 5, 4, 12, 13, 3, 6, 30, 19, 17]
[31, 18, 7, 29, 20, 16, 9, 27, 22, 14, 2, 23, 26, 10, 15, 21, 28, 8, 17, 19, 30, 6, 3, 1, 24, 25, 11, 5, 4, 12, 13]
[31, 18, 7, 29, 20, 16, 9, 27, 22, 14, 2, 23, 26, 10, 15, 21, 28, 8, 17, 19, 30, 6, 3, 13, 12, 4, 5, 11, 25, 24, 1]
